0.192082
1.63792
2.51553
0.0675914
0.913973
0.608364
0.598795
5.76416
0.00971688
0.990628
2.0027
0.486676
0.267745
0.704805
1.00577
3.12123
1.23056
4.79842
2.13694
1.16052
1.19007
1.92544
0.645554
1.08343
0.14475
1.05789
0.877582
0.561437
0.451103
1.90513
2.2683
0.177936
1.46105
1.13876
2.30323
1.79565
5.27531
0.706218
0.554462
1.05421
0.511368
0.0935994
0.426072
2.40003
0.575249
0.107071
1.97798
5.33992
0.724785
1.33906
0.542547
0.706864
0.0637311
0.322507
2.86812
2.69606
1.14579
1.91324
0.963919
0.114388
1.20239
0.80045
1.25009
0.921081
4.82463
0.953606
0.10717
1.10489
1.93736
2.64297
0.00362698
0.452486
0.289107
4.54526
4.59349
0.184638
3.63504
1.49045
1.7865
3.63374
1.84097
0.333195
3.3421
1.55275
1.10277
2.05084
1.34845
2.92135
0.785715
0.352764
0.491865
0.0438021
0.505338
0.0508367
0.64825
0.492296
0.374996
0.458114
1.57323
0.482015
2.19925
0.937067
0.151014
0.858216
1.2721
0.506507
1.99595
1.57588
2.38925
0.238127
1.16187
1.39909
0.423054
0.025454
0.847902
0.162543
0.192777
1.26811
0.339542
0.448305
0.323976
0.838346
2.90647
2.65598
0.173654
3.04013
0.0292738
0.663279
4.23332
1.64931
1.59499
3.42862
3.23714
0.322735
1.01336
0.319887
1.58275
0.225036
0.814125
0.279936
0.672855
0.952255
0.423662
0.783273
2.71759
3.08333
0.112848
0.356314
1.74543
2.7436
1.09605
1.89592
0.397794
0.451489
0.143802
0.0484408
1.49604
0.45101
2.01933
0.682655
4.203
0.0184644
0.539977
0.0551949
1.58179
4.51593
0.393597
2.24026
3.55232
0.521458
0.453486
0.206176
0.157487
2.74137
1.48091
2.7794
3.10385
0.4293
0.954308
1.35742
0.4092
1.22711
8.59032
0.662457
3.25822
0.259022
2.20511
2.86037
2.38396
0.548522
2.9321
3.29726
3.22967
0.0489809
0.631488
0.320603
2.20165
0.69296
0.200508
3.35284
0.627519
0.24845
4.67626
0.2303
2.50751
0.0624366
3.22673
1.42282
0.386954
2.47705
0.338527
4.23485
0.351683
0.205304
0.0183759
0.610431
2.09418
0.231177
3.58249
0.797064
1.2831
1.61099
0.560419
1.21742
4.93186
1.09946
1.26642
1.03682
0.334747
0.0591679
0.0262931
1.01817
0.558623
1.02068
0.290951
3.78483
3.36251
4.984
0.242237
2.53155
0.316203
0.305179
0.573056
0.0425459
0.383037
1.82233
0.0654618
2.07159
2.76523
3.42178
0.0528396
0.287301
2.23754
0.124565
0.377583
0.0387447
0.358231
1.68831
1.70221
1.46099
7.36825
0.754515
1.97721
1.93249
1.05563
1.23179
1.63482
1.25945
0.279481
0.852582
0.00760662
0.183536
0.0537811
1.04428
2.93886
1.96982
0.313987
1.29854
0.801467
0.624407
2.96643
3.59842
1.2897
0.178334
0.119886
1.50108
0.23924
3.23489
0.270011
1.54153
3.0066
3.16431
0.458489
2.55953
1.69716
1.15614
0.647598
1.88045
0.243361
0.853637
0.078377
5.71602
0.32656
0.657995
0.937467
1.37335
0.535371
1.54727
0.227095
0.557627
5.53415
0.06064
0.878195
2.50575
3.73909
0.181851
0.27539
6.12465
0.554715
1.06932
3.68575
0.085492
3.22274
0.894284
0.0683695
1.79737
0.40228
1.0964
1.2511
0.17326
0.204106
0.579633
0.281799
0.180286
3.58312
0.524611
0.22819
1.16835
0.0322049
1.55465
0.376107
0.744198
2.43137
2.53069
1.86673
2.29678
0.668386
1.51065
0.678949
1.514
1.81269
0.0156621
2.96135
1.14375
4.99811
5.54044
0.488385
2.1494
0.869307
0.106687
0.872353
0.215942
0.309253
1.32558
0.343048
1.19543
2.60812
2.9281
0.306858
0.326869
0.699216
2.63785
0.0572808
1.04283
0.338771
0.520563
1.5312
2.42086
1.84473
0.227531
1.97391
0.855823
1.11237
1.94691
1.02098
0.344013
3.89732
0.719197
1.11641
1.09979
0.651987
1.25121
1.28038
1.58774
1.797
2.82182
1.95275
0.00282358
0.425933
2.09348
0.378896
0.677893
2.18719
0.133139
2.73179
2.75469
0.296345
0.792726
0.334768
2.16901
0.188826
3.71191
2.94322
0.968374
0.450609
0.656013
0.045631
0.261659
2.51296
0.152895
1.88063
1.15395
2.31026
2.01782
4.28745
1.55831
0.489438
0.288532
0.559305
0.809313
1.64885
1.58944
0.961929
2.10218
1.16833
3.96567
1.71748
4.74081
0.89722
0.0268261
0.101244
0.501595
0.358627
1.01211
0.848477
0.940447
0.491159
0.755622
7.39116
0.21547
1.4209
2.10309
0.68489
1.42711
2.36088
0.980017
3.31338
1.48431
0.617866
1.45006
0.475483
3.13711
3.69177
2.31893
0.129346
1.5934
0.210206
0.919688
1.09873
1.01118
0.964721
0.0601683
2.64148
0.526799
0.805189
0.102062
1.81986
3.81386
0.530747
0.00420365
0.716795
2.336
1.17872
0.482041
0.261507
4.18969
6.59748
1.18916
0.267427
3.25659
0.0217035
1.73945
0.280665
0.428512
0.365678
1.76704
1.02429
0.14261
0.0466314
0.000560934
0.0623124
0.877866
1.31199
0.310142
1.64388
1.25794
1.58786
2.47141
0.350395
0.162586
2.13946
0.797662
3.93245
1.46451
2.37523
0.392053
0.327355
0.00549528
2.24716
0.294486
0.63864
0.398241
1.54838
0.0383505
0.856862
2.68404
0.553116
2.31822
0.389855
1.19104
4.00841
0.218874
0.765234
2.20862
0.200611
1.89376
0.0685154
0.238873
0.0237355
0.705894
1.87444
0.137238
0.514429
0.437029
1.1228
0.197646
0.00270026
1.80094
0.0389988
0.807649
1.17486
1.44634
0.297391
1.57271
0.190914
1.46567
0.964098
0.619845
1.28518
0.243442
0.90034
5.56224
0.537917
2.96055
0.834215
2.74713
0.562236
0.902093
0.635367
0.403233
0.505082
1.79404
0.397152
1.85311
0.786028
2.31023
0.203269
1.3103
3.88249
0.676346
0.707814
0.845753
1.03342
5.83732
1.42424
2.7468
2.61358
3.89362
1.64768
1.8137
4.01544
0.518154
0.192294
0.72372
0.47781
0.653448
3.10927
1.31363
1.32592
2.6523
0.0950892
1.439
0.0380287
0.830107
0.736865
1.27554
4.16756
2.01908
0.000573379
0.468599
1.68
1.97385
0.297491
0.189265
1.49934
1.85389
0.934539
0.739972
1.21445
0.322391
0.097408
3.32676
0.609327
0.161131
1.05611
0.70508
0.648222
2.28955
0.313368
0.280025
1.31072
0.242789
1.32935
1.87064
0.0764264
0.187619
0.587253
1.74388
4.68944
2.06923
0.0370468
1.48776
5.76162
1.43251
1.30708
4.38152
0.890268
0.62822
0.0916531
3.05305
1.63105
0.842378
2.09502
0.305106
1.60315
0.352129
3.16675
0.726244
2.7166
0.703225
0.362439
1.40476
0.831399
1.97743
2.4249
0.353639
0.170056
0.840955
5.77861
0.589806
0.237742
0.597332
3.18289
0.0805945
0.429737
3.71829
0.836984
3.97072
0.0197572
2.51951
3.29714
0.0820713
1.60919
0.798652
0.59661
0.0383484
0.0752601
0.104032
0.433813
0.180947
2.29703
0.25015
0.652
4.1522
0.948659
2.73482
0.356612
0.774669
0.285108
4.64086
0.273808
2.03651
0.18541
2.68189
1.93036
1.38181
1.37858
0.902878
0.971285
0.464789
0.608225
0.107292
0.124518
2.0926
0.378227
1.00295
0.638086
1.77086
2.76212
0.339299
3.00357
0.276899
0.605281
4.15632
0.737441
0.406289
0.88278
0.22958
2.02671
1.42991
1.67547
7.21112
0.120563
0.235634
0.143762
0.0297511
1.85884
6.61711
0.341736
1.22142
0.388024
0.00719938
0.138938
0.0132582
1.20285
0.978286
0.458857
1.06465
0.277991
0.925174
0.0659535
0.688891
2.5882
0.188001
0.00933051
5.50257
4.28445
0.649866
0.0165123
0.553448
4.47658
1.31267
0.447093
2.44875
0.208247
0.323358
0.0555514
0.0325242
0.551695
0.632641
0.901474
2.87988
1.98602
1.30091
3.56303
5.16856
0.806371
0.283296
1.55703
0.376673
1.26924
1.16971
0.277077
1.71991
0.287405
6.98117
0.688806
0.625578
0.257058
0.356643
0.590339
0.191512
1.22438
0.125102
3.49192
0.124232
0.19828
2.00244
0.453274
0.965548
0.393833
0.393975
4.71509
1.69605
4.01715
3.41289
0.143408
0.665157
0.52307
0.894005
1.48616
0.581634
2.96384
0.896774
1.68709
0.937839
0.00317377
0.701253
1.49685
2.67074
0.538651
5.63232
3.31804
0.196603
1.59255
1.15559
0.229889
0.412556
1.13728
1.74249
1.65262
0.27247
0.648479
4.79799
0.373489
0.820108
0.599348
1.71763
0.956898
1.43522
0.317654
0.0754376
0.765499
0.0120302
2.0049
0.806129
0.186035
0.459416
1.15513
1.01382
1.00486
0.20002
1.14221
1.51268
2.90935
1.27677
3.78842
1.60716
1.86278
2.42232
1.38102
1.42592
1.43706
1.96867
1.18045
0.725856
1.21806
0.213283
0.909592
2.91839
0.791399
1.52034
0.144754
0.682897
0.726991
1.43606
0.120071
0.843365
0.936153
0.0167508
1.39871
1.0518
1.37026
2.6737
0.631444
1.20856
0.0410769
5.63844
0.760472
0.0535429
0.397097
1.96185
1.70666
1.50282
0.524277
0.220992
0.321046
0.54277
0.555981
0.308061
0.0417669
0.658587
1.49396
2.91558
1.43065
0.0186532
1.74438
0.0186869
0.0518404
1.27961
1.87825
4.19682
1.37193
0.0566124
1.86444
0.219075
0.540715
0.369533
3.19063
0.7153
1.19423
3.35862
2.73098
0.445872
0.585866
1.25106
0.682048
0.416288
0.182859
9.90006
0.828187
1.32101
1.26879
4.61218
0.485577
0.661532
1.82029
0.814963
0.912764
0.943953
0.302888
0.745412
0.0757889
0.210198
0.728297
1.98326
0.0262685
1.00446
1.10777
0.626532
2.25123
2.25468
1.54386
0.178183
0.384241
0.361019
0.180203
0.587451
0.0214431
2.69156
2.75575
0.685075
4.36935
5.5913
1.21704
0.182354
2.74287
0.20999
0.194608
2.89775
1.56337
1.46727
0.953031
0.561621
0.621623
0.435793
1.12675
0.593161
0.306019
0.677856
0.227238
3.50723
1.82096
1.1248
1.51968
1.05288
0.352933
4.21792
1.05163
1.58394
0.326973
0.832745
0.3996
0.296809
0.921706
0.567896
0.0829887
1.99123
0.834703
3.1208
1.84957
0.757779
0.405362
0.729229
0.304319
1.08528
0.365829
1.2597
3.97176
0.612513
1.87285
0.102238
0.333902
0.0314371
0.391686
2.15663
1.75849
1.40272
1.34398
1.49978
1.67034
0.079442
2.36478
1.5783
0.804074
0.62392
0.776379
0.751625
1.22745
0.479617
0.641039
1.66022
1.16721
2.11524
2.52739
2.21507
0.0353006
1.80496
0.881781
2.8894
4.26734
0.21221
1.44775
3.04916
1.85486
0.783859
1.96555
1.46074
1.67683
3.37253
1.11286
0.923598
0.180221
0.0463607
0.800693
0.614708
0.141214
2.87448
1.41313
1.48458
0.141744
1.50321
3.71679
2.27483
1.97825
3.9755
0.345825
0.0458121
0.157281
5.72443
0.511273
0.595083
2.30102
1.56404
4.2718
4.26804
8.77815
0.703641
2.62096
2.76553
1.85893
0.188245
2.46219
0.586637
0.170056
3.53326
1.79656
1.50064
2.78158
1.82569
1.36973
0.588325
1.73673
1.33352
2.56534
2.90737
0.326957
4.05092
1.49228
1.91494
0.523084
0.733654
0.395522
1.04876
0.446484
3.18342
0.569453
3.017
1.06069
0.204003
2.05389
0.341935
0.116098
0.875829
0.919377
1.99
0.00190292
4.30855
0.55273
0.862146
2.35641
0.0721422
1.81015
2.42724
0.9545
2.3327
0.828573
0.873287
2.70323
1.37396
0.0906673
1.89346
3.88045
1.22344
0.989817
0.668422
1.37185
0.580243
1.86425
0.12955
1.0969
5.30686
0.0435515
0.247397
1.20935
0.172996
2.13859
0.446081
1.53358
0.122914
5.96297
0.000980341
2.02732
0.205099
0.0201738
5.48631
1.02093
0.0191929
1.4594
0.0984157
0.0980883
0.502647
1.76112
0.234948
2.20195
0.163364
2.43272
4.88192
1.32656
2.43147
0.481287
1.49889
0.0194046
0.430694
2.06548
0.754049
0.37762
0.771365
0.00158448
1.86158
0.0540363
4.82302
1.95781
3.24531
0.647461
0.799719
0.769703
1.88563
1.70837
0.117488
0.129789
2.08209
0.416284
1.83303
0.603403
2.09298
0.396148
0.441277
0.27436
5.00732
0.852185
1.22171
0.483591
3.98284
0.367929
0.565036
2.92834
0.126885
0.720693
1.45011
2.03347
3.89798
0.790918
1.45296
0.0448846
2.30497
1.71925
2.26471
0.914146
3.43085
0.666472
1.89657
0.105162
1.55946
0.914098
4.03652
0.174429
0.289136
0.736926
8.82378
1.30589
1.53434
3.64753
0.56647
0.286089
0.333658
0.791277
1.67678
1.2078
1.00713
2.24717
5.11312
1.83072
2.04754
2.23657
1.24143
0.112418
0.375653
0.631088
0.288556
3.08814
1.77161
2.25987
0.60959
0.194819
0.419852
0.253282
0.0696721
1.61747
0.298365
2.03418
0.361008
0.206444
1.00532
0.634735
0.764117
2.13556
0.0556959
2.70434
0.18588
0.20995
0.782359
0.589459
0.230673
2.34616
1.07806
1.80414
1.71615
8.56272
0.0903981
3.6586
6.74166
2.15867
3.42786
0.108843
2.17427
1.83028
0.45522
1.16954
2.39834
3.47787
0.868749
1.21608
0.960845
1.54545
0.471606
0.854018
1.45266
1.89707
1.82619
4.03004
1.80556
2.18977
1.44505
6.70434
0.225403
2.67604
0.328223
0.826826
0.366892
0.209122
1.14023
0.0302389
0.158557
1.41553
1.71375
0.506024
0.6693
3.19121
0.982776
0.758358
1.96565
1.37566
1.11698
1.21286
4.22629
1.59043
0.706653
0.698852
1.76921
0.0526954
0.437546
1.396
1.5843
1.99054
0.142686
1.7392
1.5319
1.47806
1.87114
0.581682
1.99113
0.0516953
0.744565
1.28884
3.09203
1.43617
0.54148
4.64816
2.85362
3.50576
0.458225
0.911851
3.17618
1.56721
0.361335
1.61443
0.565592
1.16446
0.688951
0.941513
0.511132
1.36411
3.07091
0.452053
0.342239
1.61676
1.13534
1.26459
2.64272
2.71384
0.857418
0.411412
0.314863
0.0464199
0.287125
0.235531
0.388916
2.69525
0.982965
0.00274779
0.0685159
0.439198
3.51936
1.15013
2.31008
0.340694
0.445301
0.61321
1.3856
1.49084
1.25141
0.32964
0.0703839
0.415306
7.44104
0.891377
0.384439
2.64095
0.879373
0.611877
0.666707
4.33188
0.0841909
1.39059
0.38914
0.457752
1.90832
2.63297
1.27194
0.555479
0.585762
1.77927
1.68066
1.43101
1.92954
1.08558
0.0971787
0.231081
0.464148
0.212094
2.26209
2.50771
6.144
0.327642
0.467661
5.34335
1.5032
0.0541373
0.620197
2.0795
3.03341
0.53534
0.109789
0.264934
0.927667
0.910406
0.181061
2.11748
0.85558
2.51207
0.654551
2.4027
0.419478
1.00873
0.33924
3.47205
2.08622
3.33835
0.867683
1.21364
0.370421
1.44576
0.000514167
1.46367
0.289278
1.69497
0.0996732
2.11965
0.848612
0.0704093
0.281674
5.2772
1.35258
0.448949
1.60757
0.492057
0.926327
3.5372
0.78235
0.0253654
0.137962
1.19275
0.259821
4.10855
1.56047
0.530259
0.6136
1.59498
0.208813
0.778425
2.4033
1.39601
0.0644305
2.61185
5.84624
0.00318238
0.735214
1.17141
1.44944
0.666368
2.2245
5.91089
1.4026
2.62633
0.210125
0.168149
0.615527
0.442072
0.283428
0.248384
2.68681
2.06431
0.330618
0.979071
0.930297
0.452228
1.97333
1.06314
0.864648
0.367261
0.0432034
0.243409
0.568493
0.385346
5.00191
0.438939
1.23996
0.186652
1.19211
3.48476
0.21601
0.215401
0.245381
0.0929653
0.479281
1.8207
2.5818
0.869154
1.92218
1.65302
0.207411
0.447329
2.42381
3.701
0.787917
1.70504
0.950929
1.3129
3.47493
0.239288
1.66809
1.24609
1.18628
0.572935
0.695967
0.692388
1.40658
0.230493
2.16637
2.02359
0.335157
2.14219
1.82703
2.37597
0.806211
1.94041
1.15301
1.91575
2.25098
1.18651
0.237161
0.390995
1.72897
0.88727
1.85865
3.53138
1.75185
0.468392
2.10497
1.46337
1.36968
0.8845
3.78636
0.0373912
0.0111933
0.409557
1.0078
1.54053
0.710854
1.1152
1.44388
0.774603
0.141548
0.769753
1.67429
0.687149
0.688788
0.311508
2.28308
1.10461
0.66363
1.40172
0.125708
0.16906
5.20719
0.0972988
1.16398
0.583433
2.3692
0.256962
1.00874
2.92616
1.79246
1.4594
1.64758
4.50971
8.09351
0.792165
0.139917
2.16591
1.74436
0.153675
1.25192
0.00362603
2.89775
1.94572
1.43531
3.10553
3.66679
0.61094
2.38559
0.983164
0.152531
4.58984
0.502744
4.26688
1.35796
0.371288
0.241211
0.210732
2.80298
0.199028
0.434613
3.36824
1.18527
5.65904
2.30857
3.19539
3.1937
0.509774
2.8634
1.83219
1.16794
0.775272
1.17515
0.366876
2.49516
2.47404
0.193583
0.131062
1.58834
2.30151
3.29853
0.847654
0.0712643
0.589459
0.192685
3.05687
1.15459
0.413166
0.0986769
1.87114
1.13274
2.33124
0.14551
0.733156
2.61604
0.690988
0.714127
0.350085
0.720662
0.121352
4.73499
0.514948
0.895805
0.413003
0.431607
0.558172
1.46005
0.830637
0.283736
0.146611
0.655199
1.45217
3.71717
2.51767
0.49881
0.410083
2.15503
0.350626
2.09598
0.207144
0.508238
2.19756
0.0820536
2.01226
0.419335
0.527723
0.273023
0.0996078
1.70552
1.84156
0.532753
2.90951
3.68453
1.53097
0.268021
0.225143
1.88546
0.168032
0.553964
1.11607
2.41387
1.20054
0.362341
0.352274
1.44038
1.18328
1.29047
0.256275
5.2191
3.80574
1.58666
0.916028
0.281416
0.881256
0.809194
1.70242
0.213724
0.848319
0.522668
0.918867
2.4556
0.330302
0.372415
2.50939
0.631957
3.05366
3.59095
0.200636
1.5718
0.384344
1.26359
0.202987
2.41383
0.0738136
0.336994
0.757607
0.932899
1.72213
0.629519
0.462468
0.214257
1.22527
0.40601
0.464974
1.73849
1.92427
0.0183725
1.14979
0.544832
1.19936
0.645699
1.85776
0.855687
1.14162
0.911917
0.397221
0.88593
1.46665
0.0796121
1.382
0.383946
0.00931471
0.0415676
1.13248
1.33459
0.355298
3.86812
0.901374
0.214837
0.615391
0.542802
2.67604
0.374586
0.61652
1.86239
0.835861
3.24342
2.08896
2.94546
0.219896
0.461514
0.263982
0.3998
1.06549
0.726304
0.353786
0.822957
0.043688
1.44905
2.09198
0.848029
1.20369
0.841169
0.263392
1.89702
0.803019
1.28516
2.25824
4.27011
1.69125
3.65925
0.422889
0.353504
0.663669
0.225363
0.158484
4.82952
0.931817
0.520673
1.4885
0.00838879
0.0829121
1.28117
3.53702
2.6385
2.0407
2.44529
0.0503679
0.331144
1.20485
0.47773
0.200928
0.184687
2.25298
0.256908
0.889514
0.199487
0.697096
2.18984
2.20301
1.69271
2.00366
1.00592
2.01797
0.186241
2.32568
1.82871
2.43918
0.397651
0.530141
0.381264
1.70263
0.584773
1.37867
5.49306
0.338105
1.37848
0.596387
6.2802
1.11541
0.663064
1.56872
0.47463
2.59332
0.126581
0.82691
0.516275
2.70325
1.94963
0.442308
1.52975
3.78201
1.89726
0.827085
0.622273
3.3028
0.911593
1.98842
0.388322
0.998829
1.18675
2.01666
0.13669
0.541877
0.75354
1.90393
0.0191153
2.66073
3.15775
0.893036
0.515198
3.82635
0.958835
0.316478
1.5529
0.582938
3.98034
2.53981
3.93877
0.671067
0.240574
0.155274
0.767126
0.0780229
1.50249
0.105179
1.10555
0.727082
0.267893
0.44433
1.06845
3.54419
2.69356
1.1802
1.33543
0.520734
1.17137
2.42746
1.00901
2.30258
0.842834
0.837477
0.21583
0.379549
0.725373
1.23407
0.108947
1.02553
1.75154
0.580239
0.481163
4.88908
0.00266194
0.959838
0.239078
1.00415
0.957236
0.921435
1.30089
3.81166
2.51471
2.37011
0.26454
1.54979
1.37469
0.520324
1.21574
0.365583
0.514215
0.488795
0.491851
0.93026
0.78301
3.43569
1.4355
1.79998
4.49265
1.33554
1.94354
0.205042
5.23883
0.0645449
1.20209
0.904048
1.58963
2.72093
1.48753
2.35509
1.34084
0.439764
4.2254
3.00528
0.21958
1.08059
6.99969
0.543031
0.0357547
0.0392674
0.068924
3.97284
0.253753
0.0867495
1.05088
0.430616
0.260512
2.75554
2.46063
1.38277
2.6358
7.09928
0.769121
2.89727
5.57201
0.934346
0.463974
2.67913
2.24456
0.812956
0.727551
0.0666509
1.44469
0.804696
0.439921
0.25814
2.06076
1.32629
0.876853
0.84767
1.36154
2.49993
0.943952
0.652981
3.08957
0.580313
1.8139
0.722173
2.019
1.06191
0.571385
1.23355
2.84113
2.6319
0.0941721
1.28365
1.72406
0.331295
0.273027
0.253448
1.36355
2.25947
0.606598
1.97398
4.39394
1.57429
0.605944
0.821679
0.100667
4.28283
0.67817
0.874882
3.35846
0.667666
0.777447
2.33625
1.1131
0.284212
4.45215
3.83936
0.213485
0.85364
1.36531
0.146929
0.0323576
0.215119
0.80821
0.739823
3.98588
1.00842
1.1828
0.659212
3.15979
0.0785536
0.0906592
0.152938
3.27094
7.30597
0.307627
0.14021
0.936578
1.35649
1.65042
0.110099
3.77907
1.31417
0.0830436
0.608145
1.47801
0.545453
0.132959
5.78245
0.503937
1.93161
0.826942
0.399425
2.69882
2.23608
1.40653
0.878704
0.662856
4.38497
6.93139
1.27289
1.01548
3.46978
4.62513
1.56272
0.480983
0.230409
1.74689
3.12019
0.511432
0.0764779
1.70944
0.341286
1.05162
8.86318
0.0638626
0.0821837
0.133747
2.10144
1.91338
1.09163
1.49407
0.430455
1.93455
0.975489
5.46675
0.542785
0.28773
0.441748
1.25189
1.87508
3.05792
0.921061
1.91301
2.33034
0.395755
0.6697
0.974904
1.68052
0.0569145
0.0986294
0.560434
0.34001
0.439829
1.11546
0.866902
1.33138
0.764897
0.181852
2.17631
0.436554
1.24942
0.58601
1.2197
1.29285
2.1282
4.51922
0.713578
0.692639
0.959989
0.129073
0.60531
0.376997
0.384489
0.685427
1.26775
1.92276
0.0548784
0.576817
5.54679
1.33274
2.11506
1.64304
3.35874
1.22269
1.92998
0.179995
1.49005
0.36738
0.532357
1.7748
1.86424
1.0511
0.24751
0.36154
0.0591322
0.51156
2.0065
2.23145
0.717693
4.43937
0.606772
0.0916921
0.00236036
0.16881
1.04565
0.621011
2.23807
5.99344
2.72448
0.323056
0.291419
3.3101
0.0512239
3.34454
1.93604
1.71796
0.133177
1.9874
0.765252
0.917512
0.07162
4.84962
0.91492
1.12656
0.145863
2.17084
2.20417
1.69128
1.43597
0.629366
1.82034
0.368705
4.05552
0.131896
1.22796
2.51258
3.71294
1.2491
1.98402
0.539133
0.921584
1.77363
2.37373
0.1973
0.322927
1.11319
0.0283223
2.49775
1.61729
1.34954
0.802849
2.09593
3.74571
0.663496
0.319346
1.5797
2.39913
2.61268
3.38254
3.38586
0.951279
0.800789
3.26122
2.7526
0.805274
0.113489
0.0285249
0.0431568
1.86153
1.59765
0.46465
1.66746
0.241814
4.38383
2.2993
0.285956
0.183778
0.405064
0.451467
1.36674
0.237519
1.25794
0.175292
0.410691
0.131377
1.71259
1.40934
0.0673031
0.588734
1.56739
0.688552
2.60617
1.54758
0.0181032
0.687001
0.631959
0.0463094
1.83034
0.447936
3.55823
0.919355
0.174026
0.380875
0.550259
0.320442
4.40102
1.89298
3.79867
0.526636
1.31879
0.859586
2.36501
1.99338
0.46787
1.28838
2.68917
1.8004
0.336085
3.39879
5.03716
0.0319363
1.26892
1.62174
3.28151
1.52145
0.216289
3.15114
0.480167
1.06165
0.266431
0.644868
1.12225
2.08584
0.324143
0.0598355
0.0161863
1.46487
0.369776
0.889076
0.611644
1.5564
1.01029
0.155567
0.356004
0.881105
2.35745
0.0217212
0.170993
0.362163
0.687248
4.30398
1.06886
0.0422703
2.13065
2.17352
1.35846
0.428248
1.32791
0.550488
7.03656
0.740519
1.15144
0.284978
0.0192573
0.290446
2.50262
4.985
0.0913716
1.89648
0.962667
0.168142
3.5385
0.215407
0.919953
3.24781
0.451028
0.410038
0.524088
1.50045
0.603233
0.223596
0.0307549
0.704298
5.1975
0.864752
0.400688
5.60415
0.729283
0.811513
1.17117
2.0022
1.66029
0.0348509
0.330999
2.89726
0.522637
1.34122
3.28447
0.846521
0.599945
0.295007
0.15908
0.721627
0.235399
7.27476
1.36619
1.31835
1.24775
0.170811
1.87068
0.569196
1.26594
0.463651
2.20119
0.666437
0.173758
1.31061
0.762676
0.695165
0.532183
0.652972
3.43411
0.576451
1.61336
1.62718
0.198533
0.058853
1.34261
0.62754
0.270798
5.91032
1.59752
0.0879149
3.40951
0.759011
1.16661
1.76255
0.27606
0.815405
0.411752
3.29956
2.06373
0.804828
2.49873
0.351946
5.12112
0.173399
0.547758
0.59912
1.4519
4.22013
0.969801
0.272324
2.22169
0.182147
0.444067
4.15607
0.485452
1.06329
1.24125
0.862332
2.87964
0.210156
0.133495
0.768692
0.297436
1.43319
0.150303
4.24722
2.6158
0.0657857
0.634423
0.773321
2.23116
0.347167
1.48541
0.66077
0.326881
3.18783
1.48178
3.22207
0.422041
1.40476
0.0121513
0.126252
5.01355
3.32224
1.57831
0.042975
0.999148
1.12898
0.734861
4.31033
3.16358
0.593384
0.843719
2.99988
2.96106
6.44279
1.76548
0.805576
0.171741
2.55999
1.02417
0.608676
1.10045
0.194508
1.18592
2.15735
1.46102
0.330672
5.52525
1.24992
0.728229
1.45332
3.26557
1.58816
2.79941
1.25495
0.370634
1.25105
0.130469
0.426579
0.367084
4.12872
1.05593
3.20014
1.54173
0.361039
1.57759
1.44666
0.752365
0.379703
5.33073
1.65805
0.987131
2.31452
0.561622
1.15164
0.902524
3.24111
2.48908
1.62435
0.120111
1.04078
0.387393
0.898065
1.39632
0.0752328
0.0634372
0.179876
0.258485
0.00392184
1.00046
1.34572
4.11092
1.3502
0.529992
4.84894
2.63052
0.729374
2.97358
0.23392
1.70959
1.32645
0.770784
0.644714
0.125439
1.31105
1.28462
2.67304
1.14326
3.21994
1.30642
1.426
1.4577
0.798182
1.0548
4.06918
3.02904
1.44189
1.28253
1.44865
0.84306
0.348271
0.378335
2.18869
0.740749
0.253574
0.183922
3.44067
3.1511
0.410823
0.0684591
0.388591
2.656
0.66281
0.0907554
2.075
3.38178
0.93805
0.24708
6.5859
1.08237
3.46917
0.359872
0.369196
3.15632
0.0951417
0.80217
0.649893
2.08622
0.242136
1.26647
0.144832
0.0103493
0.676617
0.40058
0.525162
0.206994
0.123727
2.50494
0.664865
0.239094
0.5108
0.80879
0.23348
0.402743
0.995203
1.4221
1.00185
1.01219
0.591825
0.21276
0.481414
5.26962
0.634708
0.137611
1.79519
0.974458
0.463603
0.195041
2.1868
0.739155
0.0967312
0.802327
2.1219
3.24111
0.507439
0.328144
1.44374
0.845838
1.93825
1.27619
0.759456
1.29223
4.6537
7.68079
3.70385
0.186055
1.27722
0.0821101
1.21602
5.3234
0.270467
1.3631
2.2526
0.842831
2.04178
0.598518
0.281784
0.021413
0.430759
0.773799
2.83626
3.11274
4.56502
3.82802
0.0871728
0.0809846
3.22346
0.150656
0.803211
1.72575
0.833251
2.30343
0.102989
0.553502
1.62315
1.93869
0.0187115
0.477337
1.5518
0.0919124
1.7787
1.61919
0.140226
0.464957
2.35371
0.0292196
0.596621
3.47072
2.29548
0.653197
0.74539
1.14546
0.935274
0.291729
1.27069
0.301403
1.08883
1.68242
1.27544
2.12536
3.47557
0.771027
3.23009
1.31614
7.08417
0.327476
0.409473
0.430384
1.14396
0.440478
0.87112
0.0424159
4.05736
1.58438
2.67102
1.56179
0.253281
0.687074
0.666879
2.16787
1.42531
1.5412
0.458144
0.993865
3.3993
0.182097
0.162669
0.254476
1.03452
1.60768
0.421498
0.514042
1.58198
0.960625
0.553285
0.800854
0.535308
0.581387
0.881029
3.11246
1.06622
0.753781
1.24553
1.35969
2.03954
0.545283
4.62657
1.45225
0.480054
0.785246
1.93669
0.315299
0.0908045
0.527556
0.29536
1.03736
0.0927727
0.350407
0.202277
2.08422
2.14961
1.40011
0.45817
4.42037
0.0531185
0.976768
5.09978
0.808042
2.97373
4.00448
0.94815
1.66362
0.266607
0.530796
0.650755
0.148274
1.34935
0.894133
1.9682
1.46044
0.288008
0.462823
1.8117
3.36197
3.18976
0.629456
1.38068
0.362107
1.83666
0.262247
1.34495
0.362625
3.262
4.72617
1.03603
0.431354
0.506291
0.817865
4.27913
0.14322
2.82869
0.0409397
0.915961
2.20378
1.30256
0.715501
0.380683
1.6602
1.01356
0.678331
1.37113
0.599949
0.349775
0.254705
2.36261
0.106443
0.368126
0.325749
2.10641
1.87453
0.899878
0.213527
0.324301
0.0702002
0.803385
0.595841
1.38699
2.19705
0.0114889
2.1074
2.17847
1.34017
1.47469
0.362779
0.775494
0.371433
0.84139
0.316955
1.30413
0.0807016
0.159553
0.782525
0.561738
2.39011
0.86613
0.740851
0.918368
0.00194113
1.41098
2.44966
2.25606
0.979524
1.08206
0.655951
0.724241
0.605629
0.438874
0.931916
0.172456
0.205459
0.552572
0.762776
2.77342
1.98238
2.01076
0.00674144
1.23087
0.169173
0.698145
0.866724
1.68286
0.471006
1.02004
1.40276
0.701124
3.26651
3.84771
1.46621
0.250672
0.236586
0.963172
1.02111
1.86943
0.677244
0.696829
1.48382
2.57314
0.799968
1.62716
1.70546
0.950453
0.28126
2.14881
0.0128311
4.06582
0.428188
0.261056
0.120084
2.36708
0.0430088
1.54151
1.56872
5.08581
0.00268647
0.777398
6.36746
0.77842
0.41731
0.00971645
2.35862
7.50863
0.579259
0.994714
2.22385
4.41753
3.15091
2.34234
0.550061
0.208249
3.37597
3.45965
0.756178
5.23276
1.66724
1.89903
1.51651
0.141063
3.2146
4.57486
0.967164
1.55304
0.384999
1.11642
0.807932
7.25352
0.930784
0.827675
0.213908
0.762135
2.42604
0.550503
2.02263
0.556215
1.05465
0.0510315
4.07499
0.0403423
0.152273
0.174546
2.51909
2.52741
1.95697
0.169297
0.954358
0.414838
0.988932
0.2024
5.7198
1.00618
1.80718
1.42758
0.759254
5.64635
1.85764
1.5532
4.68668
1.24216
1.44854
2.00606
0.52735
2.3258
1.07615
0.579621
0.365965
0.121699
1.35772
0.559884
2.01597
0.0819184
1.18599
2.31575
0.507699
1.03789
0.00918727
3.35901
0.353543
3.33308
3.5702
3.80698
1.09033
1.01464
1.54563
3.17492
1.30473
0.80749
0.0571873
4.13824
1.60417
3.76788
0.758065
0.598488
0.0545809
1.57573
0.437302
2.55294
1.07133
0.232597
2.48324
1.52392
2.45068
0.29812
0.81847
1.23248
5.81797
0.0624778
4.29545
1.38878
1.59363
1.54204
1.34183
8.67675
2.8749
2.58164
1.25354
0.0185612
0.491538
0.608626
0.342567
3.76008
0.00712243
2.19136
0.99336
0.726702
0.363787
0.103904
5.37814
0.261402
0.359595
0.180557
3.48823
3.03909
0.297862
0.440531
0.608618
0.841839
4.08583
0.0470949
0.386049
2.58469
0.782703
0.176412
2.31307
0.266762
0.403094
7.24963
1.13965
1.1959
1.06513
1.46844
1.94883
2.50195
0.49604
1.29508
0.977557
2.42827
0.669445
5.16121
0.226933
1.16834
0.194729
0.45943
1.31912
5.21054
1.61295
1.50336
1.20832
0.470381
1.15544
3.54319
1.55873
1.62247
0.562885
0.543085
0.432061
1.60783
0.41962
3.50298
0.490666
3.74843
0.549983
0.757875
4.9758
0.867892
5.1509
1.19233
0.0656735
0.215879
0.552776
2.32036
1.05122
1.04421
4.9652
0.675707
1.43549
3.59507
3.05371
2.0565
0.543719
4.4314
0.0344023
0.252244
1.41109
1.57839
0.0116891
0.940864
0.839491
1.59796
2.65948
1.25393
1.23255
0.441551
1.48186
1.72132
2.18164
0.574551
2.95197
0.510929
0.395418
0.625623
0.536699
0.0341449
0.247919
11.2415
0.25902
1.60778
0.112603
0.672316
2.76617
0.572162
0.273684
1.01924
1.32753
0.284713
0.341997
0.163479
2.95057
0.265843
2.07265
0.56683
0.308489
2.05852
1.09237
2.66559
3.91778
0.236081
0.983147
0.181708
0.501562
1.52451
8.59546
0.483943
0.88068
2.14133
0.10646
1.8415
1.09732
0.328588
0.028412
0.794439
1.10731
1.18401
2.06914
1.93014
2.92151
1.43432
1.64271
0.7921
2.35198
2.65276
0.558662
1.56087
3.53316
2.68909
2.18978
2.63331
0.223947
0.943079
0.580671
0.532236
0.0519211
1.55336
0.640158
0.92905
0.243632
1.53248
0.818885
1.87356
0.00738246
1.37438
0.900918
1.59194
0.801817
0.14466
0.173405
1.89655
1.77231
2.35933
0.47007
0.732115
0.600821
1.14516
0.225235
2.37926
0.366825
1.30028
2.09099
1.76455
2.62221
1.91229
0.41603
0.498336
0.208899
1.23871
1.90332
0.272871
0.991084
2.87894
1.48002
0.434262
1.62374
0.998088
1.60531
0.984031
0.802258
0.627938
0.818672
2.91878
0.735749
0.822633
0.194724
2.75641
0.552018
0.167288
0.735066
2.75046
0.289404
2.26836
2.60069
1.26445
0.550868
1.07642
0.90162
0.696527
3.18429
0.54681
1.54035
0.664268
0.469532
2.81303
2.59708
0.575678
0.209736
1.60739
2.15943
0.440814
0.241625
0.600647
0.160413
0.242835
1.32455
0.141471
1.69255
0.476073
0.236915
5.77137
0.861024
1.8729
0.817001
1.63657
0.697175
0.4333
1.96518
0.335196
1.03019
0.483899
1.68515
3.11885
2.79343
1.58746
0.902533
0.591455
6.01067
0.318398
0.076352
7.23187
0.598067
4.28366
2.2041
1.13337
0.914602
1.42473
0.184971
0.843127
1.35072
2.58827
0.467283
0.0794296
6.4769
1.03656
1.78466
1.74344
2.97239
0.971276
3.65134
3.3181
0.0914479
0.346447
0.145801
1.79203
1.27268
0.691896
0.206242
4.33926
0.47185
4.83539
0.15693
1.66068
0.904686
0.325371
0.0413214
4.15455
0.222571
0.478762
1.5423
0.523257
6.09695
0.229482
0.855306
1.18298
1.31755
2.65464
0.0431818
0.732944
0.250257
2.26117
3.46577
1.16941
0.208729
0.600782
0.395977
1.0421
0.967634
0.411861
0.724528
2.38752
0.7606
0.960241
0.472089
0.548871
1.0614
1.48597
0.228166
0.573507
0.742406
1.81345
3.65357
0.711916
0.303457
0.148372
1.51962
0.096669
0.509685
0.321622
0.660873
2.41348
3.69909
0.263053
4.04189
0.779206
0.937293
3.09279
0.785868
1.38883
0.186644
0.197894
1.43379
7.70705
0.130938
1.82395
4.82189
1.39166
0.678952
0.508826
1.16511
2.18912
0.15827
0.1904
0.347743
0.00416024
0.434975
1.34964
0.793524
1.52208
0.0545149
0.427654
2.6113
1.35533
0.654561
0.514594
2.11405
0.185339
0.460599
4.27298
0.179081
0.528526
0.0180522
1.55184
1.96236
1.28686
0.116669
1.67831
0.684888
0.561616
1.35346
0.125894
0.271715
1.88326
0.373149
0.265286
0.391495
2.88992
0.036064
0.125774
0.197219
0.970541
0.459326
2.58057
2.74595
3.94184
1.0573
5.25072
0.817237
1.728
0.788149
2.03899
0.0908645
1.56477
1.52843
1.12146
0.167476
1.49294
1.91118
0.157283
0.569073
0.303352
0.280955
4.78986
1.22621
0.465725
0.962803
1.13464
2.30633
1.8488
2.75317
0.449955
0.523388
1.76019
0.716041
2.55138
0.6815
0.971832
2.69983
0.0748764
2.28903
7.53431
1.72332
1.00613
0.972507
0.132745
2.61857
0.119691
1.21729
1.24343
1.87424
2.0155
1.13994
0.0427582
0.494016
0.00901589
1.8015
1.62434
0.147633
0.282555
1.3947
1.05355
0.524679
0.336575
6.23516
1.2685
1.47709
1.58154
2.16175
0.365055
1.06022
1.08145
0.215741
2.74839
0.61306
0.158307
0.794513
1.60639
3.22219
0.283044
1.03756
2.83875
1.15901
0.135773
0.489109
0.50173
0.728924
0.473652
1.7614
0.833725
1.25756
0.295233
0.880709
1.3493
0.354539
2.11892
1.35145
2.01316
0.0403421
1.73273
3.9687
1.65235
3.62601
3.06729
2.21184
1.26228
3.48708
0.231131
0.424684
0.477732
0.298697
1.15691
1.93013
0.686447
0.182221
1.45339
1.45397
0.905066
3.37968
1.31588
10.0417
1.02672
1.18756
1.41816
1.43219
1.75854
3.89516
2.49918
0.0758197
3.4899
0.324746
0.0660696
0.477711
0.303093
3.10529
1.90007
1.61019
2.50884
0.0909238
0.233942
0.918397
2.04333
1.53691
0.473828
0.50037
0.926623
0.417435
0.591044
0.373083
1.19241
2.53534
0.276925
0.0166435
1.19684
0.131789
0.0247228
0.163099
0.00580646
2.69808
0.787161
0.0386045
1.14593
0.802856
2.4251
1.34367
0.579841
0.0543803
2.85564
0.0748146
0.356782
0.166477
0.463254
0.703839
0.775623
2.53744
3.94874
1.19001
3.20739
2.69128
0.188287
1.38306
0.764059
0.922693
3.06273
7.63014
0.0977966
4.09618
0.889237
2.94271
2.90709
0.364184
0.576432
1.02659
0.710063
0.333291
1.65775
1.45489
0.996878
0.155606
2.55653
2.16657
0.935282
1.91807
0.66028
2.04843
0.135405
0.200475
0.763099
0.0583871
1.54797
0.0531154
0.0287236
4.21626
4.00569
0.529467
0.133593
0.58716
3.52161
2.53928
2.26547
0.647892
2.13911
0.317555
1.1518
0.028914
3.36086
0.369632
0.472202
4.91834
0.181199
3.54793
1.21137
1.1335
1.85236
0.350584
2.30992
1.37342
2.14549
3.37066
1.23611
0.640807
2.76966
1.29925
2.81521
1.5327
1.55631
3.16196
1.44479
0.478264
0.135678
1.27847
1.21468
1.68733
0.0869371
0.593861
2.05063
0.748136
1.21959
2.67319
1.21848
4.76452
2.49584
0.483515
0.221104
1.32508
4.49585
0.125646
0.497417
0.112452
0.645452
2.0308
0.611209
5.45528
0.266779
3.02284
3.44303
1.53964
1.51784
0.409856
1.03742
0.114432
0.116773
3.53365
0.0461797
0.571256
1.36462
0.0817122
1.16064
4.48518
0.212207
1.65238
0.260801
0.458596
0.445991
0.517196
5.40614
0.174162
0.14372
0.300493
1.64174
2.32096
2.55892
0.762481
4.15348
0.153557
0.0760069
1.55357
0.0889099
0.249834
0.772277
0.571764
1.7353
0.127563
3.08575
6.92933
1.3552
1.24044
0.951834
2.02709
1.28888
0.0417696
0.210708
0.390886
0.976656
0.111858
1.6525
0.36111
1.71432
0.689611
3.85801
1.04698
3.61755
0.141382
0.94706
1.97509
0.00851792
0.0814397
0.0308585
1.70738
0.794477
1.59331
1.0027
0.938238
0.408561
0.780746
1.01118
0.477792
1.78357
4.24943
1.89272
0.374487
1.03629
0.207763
0.453336
0.287051
1.78959
0.0482565
0.444246
0.326125
0.437204
2.28198
9.42102
1.23428
0.294261
2.98272
0.463367
0.377659
4.52574
2.00881
2.35703
0.304863
0.958371
1.55078
1.69863
0.593171
0.161038
0.33085
2.73175
0.327657
1.60954
1.15824
1.82496
0.539255
0.731692
1.58281
0.0749049
6.64082
0.57398
3.83363
0.9627
4.02926
1.50179
2.27227
1.98389
1.87557
0.222668
4.0107
1.45965
7.82802
0.174116
2.84728
1.19723
0.166528
0.918182
2.31325
0.0511649
0.879709
0.0404848
1.41687
0.113647
1.41902
1.41021
2.92477
0.989095
1.27167
1.75278
7.58712
0.622276
0.411527
4.43599
1.28293
6.64666
0.480124
0.10827
1.03464
1.75197
1.67697
0.718702
3.58078
5.84438
3.71947
1.15435
2.07011
0.276537
0.506263
0.294918
1.28539
0.263743
0.621728
0.273021
0.480042
1.96356
0.0132428
1.00827
1.07076
1.02212
0.730152
0.808848
4.17316
1.04078
2.383
0.0620577
1.14182
0.685105
0.0891353
0.430259
3.3858
0.724853
3.0974
0.0926735
2.18568
0.0847672
0.0628187
0.123946
0.673227
3.88341
1.72356
1.05884
1.11979
1.51001
2.13962
1.72699
2.56316
0.220002
0.174688
1.03993
3.23606
0.0346169
2.2844
0.412826
2.60623
3.99756
1.03535
1.27034
0.802907
2.47888
0.291076
0.575013
2.0987
0.841646
0.350788
0.0779099
6.55619
2.36887
3.59221
0.0652534
0.214891
2.50999
2.23649
0.861171
0.0776121
3.62136
0.0506517
1.71736
1.28845
1.46612
0.0182152
0.706685
2.56254
0.409485
0.449652
0.333535
0.674829
0.098607
0.614611
4.87779
4.31195
1.02529
1.13647
2.51282
2.85809
0.151775
1.68399
0.924575
0.989529
0.234787
0.483258
0.339099
1.64821
0.802268
0.71888
2.1676
0.880847
1.20436
0.0121114
4.50639
0.791625
1.26095
1.42116
2.01278
1.96042
3.28652
1.4185
2.04645
1.60866
1.17536
0.574774
2.18812
1.08442
0.147361
1.53944
0.878662
3.2203
0.0572651
1.55612
0.19137
3.79538
5.60681
1.29472
0.578362
0.938284
0.269982
0.0489537
1.67818
0.228085
0.636737
0.397983
1.04349
3.12033
0.10597
3.90551
0.110238
1.10553
0.915484
0.15294
0.430602
0.39399
1.01903
1.67952
2.09963
3.58687
1.27391
0.82376
0.128614
0.174671
3.20227
5.79474
0.367262
5.32526
3.34941
0.533356
0.223762
0.420948
2.91454
1.7603
1.17816
1.37478
0.180887
4.62327
4.55512
3.59435
2.74758
0.8405
1.90639
1.7351
2.34989
1.59197
1.55086
3.69907
0.527486
0.104467
0.257176
2.54216
0.843434
0.309427
0.634089
3.259
0.143226
0.19369
2.51683
2.90764
3.964
0.10455
0.808033
1.2801
2.54874
0.0456268
0.105081
0.910124
4.84858
0.284565
1.46226
1.41372
2.34587
0.156187
1.68409
1.41673
1.18719
0.151979
1.5201
0.0603303
0.64159
0.314415
2.74336
3.96682
0.814048
1.20525
0.793632
0.0614931
1.64173
0.436131
0.412304
2.96049
1.1067
5.56971
0.873267
1.30735
0.286722
4.13875
0.662425
6.25177
1.17175
2.22953
0.855429
0.317853
1.92259
1.79145
3.81727
0.234359
0.939317
2.93615
4.19448
0.200686
0.299178
0.847572
0.667404
0.236592
0.102198
0.0496856
0.941624
1.18209
2.42067
0.643402
0.730098
0.299313
1.40905
0.243139
1.23526
0.577847
0.482919
0.573653
2.63027
0.475951
0.818531
0.624973
1.78555
0.15158
1.3483
0.125572
2.18282
1.24202
1.1962
4.27895
2.07265
0.480037
1.4066
0.135385
0.738721
6.15657
0.225388
0.615128
0.862577
0.330971
0.68873
0.348078
1.09753
3.3927
1.5036
0.284876
3.19687
0.0245794
0.998973
2.73035
0.7967
2.30642
0.715684
0.0488531
4.88162
0.760897
0.28236
0.720137
1.83144
0.613178
0.645428
0.413561
0.006073
0.281553
2.31961
0.0677248
3.44364
0.138033
0.19293
0.0661834
0.164786
0.416706
0.817487
1.46529
0.0117636
0.641019
1.55712
0.38898
6.64216
1.3383
1.20971
0.0863815
0.199648
6.22262
0.146745
0.950725
3.7998
0.253848
0.103273
0.562258
3.35715
1.93982
4.50878
3.59317
2.27729
1.01865
0.722647
0.179348
1.0529
0.697379
0.751536
2.54477
0.217481
0.919923
0.887653
1.22064
0.296187
1.14217
1.21895
0.92635
0.323632
0.640052
0.226277
0.000734482
2.8149
0.415485
2.37043
1.61206
0.352016
0.368487
0.848175
2.43743
0.377434
4.94511
0.223796
0.765001
0.211923
0.550273
0.967754
2.52442
0.6073
0.908042
0.103551
0.298584
0.301564
2.48855
0.584899
1.71814
0.0573586
0.263192
1.24594
0.395537
0.294257
2.28453
2.92583
8.82796
0.639054
2.05273
1.23306
2.00836
0.366064
2.11282
0.499497
1.03466
0.608222
1.60702
1.49483
0.163434
1.59041
1.33696
0.663191
2.24558
0.937619
2.54075
0.983053
1.44207
1.85571
2.76499
0.998615
1.357
0.990121
7.61391
0.913406
1.59006
0.394095
0.725897
3.11285
0.778624
1.98529
0.234435
0.990732
4.19395
7.64066
0.129533
0.150775
0.876775
0.481162
1.69644
0.795219
0.200011
3.37914
0.196389
0.614225
1.08356
1.41913
0.808531
0.299385
2.67915
0.245137
1.84611
0.329647
2.84112
0.993835
0.598467
2.2587
0.278224
0.0521119
0.933989
1.03934
0.976344
0.401956
1.51381
0.222295
1.71905
0.44862
1.925
1.21012
2.38241
0.652306
0.815654
0.073169
0.842958
1.14471
0.282461
1.12264
1.01183
2.95929
0.100453
0.728591
1.78346
1.12172
0.014749
0.783613
1.83244
0.55683
2.18841
0.376616
0.0434205
1.31348
1.21574
0.429301
0.341566
4.21343
0.792378
0.49843
0.789379
0.141173
2.51959
2.22028
1.4523
3.38663
0.0503046
1.73263
2.25681
1.0566
1.07461
2.2465
0.331694
4.98967
0.390213
1.68824
6.08541
0.213143
1.70747
0.372015
3.80356
1.88243
1.28292
0.229847
0.755496
4.06832
4.14752
0.595891
0.721694
0.358166
1.79501
2.82704
0.371319
1.67021
4.13782
0.579101
3.95841
0.0914197
0.123372
2.87667
0.352138
1.30476
1.3751
0.840376
0.267456
0.992449
1.06041
0.0191081
1.21616
0.746486
0.489611
1.05372
0.553336
1.55716
0.883374
2.32443
1.78178
2.47578
0.665429
1.15032
0.103333
1.27717
0.0455503
2.66424
2.21816
0.614074
2.93834
0.136633
0.0203383
0.445621
0.409484
0.219033
0.938635
0.52971
0.152929
3.61585
0.444403
1.00073
2.0562
1.99684
1.28143
0.172391
0.928469
0.14052
0.122761
1.1236
1.9048
0.021865
0.392639
9.29219
2.10586
0.039985
0.164202
1.05032
0.0402731
0.128537
0.0770327
7.28662
4.56641
3.04808
0.279423
2.02124
0.535359
0.0364751
1.31649
3.97461
2.03134
0.736143
2.82895
1.05036
0.614823
0.33634
1.93087
0.325872
0.0742561
2.72724
0.967741
0.46196
0.38289
1.61922
2.83263
0.503704
2.57044
2.24224
1.14902
2.5237
0.166024
2.57218
1.4709
3.7523
0.661905
0.842009
1.19445
0.549912
2.1327
2.56704
0.62718
0.168556
0.00182569
2.265
0.093823
3.01748
0.450022
4.2688
0.237017
0.680437
4.44752
0.174534
0.336493
0.761003
1.45889
1.30345
0.837244
2.61741
2.78119
0.977328
4.32067
1.19295
3.03455
0.674248
3.42207
0.802761
0.117937
1.10738
3.09487
1.14298
1.908
1.35968
0.335026
0.0575399
1.47166
0.288072
3.01991
0.168694
1.79788
0.770759
1.08888
0.394292
0.414267
3.63435
0.493997
1.37671
0.19954
0.34184
1.59039
0.33892
2.11464
1.00063
1.65281
0.527834
1.74175
1.04746
0.501868
2.57547
2.5056
2.7918
1.34959
1.42936
2.49398
0.849384
1.05515
0.245915
1.11483
0.327879
2.00603
0.459529
0.00842449
9.16326
0.952504
2.26061
1.84327
0.534835
0.686802
0.149863
0.00871026
1.07449
1.9553
1.07096
0.680619
1.71804
0.893105
0.274799
1.0437
0.562368
2.13496
0.544042
0.022143
0.161466
0.162266
0.0920757
2.01262
0.748367
0.25028
2.86449
0.261699
1.91205
1.31503
0.195367
1.61988
0.0664658
0.167286
2.8904
0.0350685
0.20113
1.60026
0.152569
1.91856
0.500092
1.11798
0.0959579
0.066881
2.98665
0.453451
4.69673
0.293328
0.982304
0.757589
2.5831
1.79949
0.330865
1.04
2.68443
0.393088
0.86579
2.50684
0.321485
0.435162
0.0663782
1.29668
0.186278
1.41038
2.02225
0.223873
6.34487
1.8995
1.00511
0.142586
1.97852
0.149458
0.767766
1.3845
0.373585
0.254052
10.5009
0.219573
0.134805
4.08809
0.885924
0.832762
2.17488
0.0618983
2.04322
2.79293
1.55031
1.65745
1.26306
3.88726
1.24735
0.359955
0.817165
1.65672
1.11921
2.04137
2.62402
0.452504
1.17279
1.06144
2.40944
1.66841
0.146584
3.45274
0.702352
0.579154
2.68337
2.48092
0.240244
1.08838
1.06835
2.43028
2.88534
2.34102
2.11526
0.57163
0.701671
0.857227
0.0581058
1.55315
0.0881342
0.658037
3.6384
2.35391
0.79787
1.36734
0.75564
4.51962
1.16234
2.24356
1.9276
1.98004
1.19661
3.76567
2.2223
0.181888
1.26975
0.553891
0.217736
0.410732
0.782025
1.1653
3.69629
1.60086
0.682577
0.0889853
1.36673
0.351918
2.57614
0.386152
0.40708
0.376972
5.60617
0.585723
2.00111
0.0168613
1.91401
3.43954
0.0973757
1.61707
0.0116256
0.993143
0.110668
0.614678
4.99545
0.293321
1.42466
0.861744
2.37388
0.528304
0.4348
2.42118
0.45317
0.14196
1.07439
0.441267
1.16444
9.6457
0.534998
1.68693
1.07065
0.280989
1.52374
0.194616
0.8886
0.40679
1.18534
3.93442
0.0789494
1.14406
0.337936
0.292246
0.534482
3.06229
0.197856
1.13368
5.80981
2.17844
0.279657
0.14792
1.83469
2.98944
2.36774
1.35061
1.16782
2.23762
3.21493
1.99692
0.301525
2.64152
2.43238
0.239069
1.04615
2.87683
0.444503
5.77558
0.68691
1.90645
0.236293
0.871716
1.2493
2.89089
0.264855
1.42324
1.93746
0.90822
0.717776
0.394124
2.84487
5.91299
4.5707
1.7042
2.22014
0.843723
0.787383
4.8587
0.71158
0.317624
0.700552
0.87854
3.5513
0.634141
0.108346
0.193096
0.144077
0.481418
0.30056
1.07189
0.169074
1.62911
1.71516
3.07141
4.4936
0.745188
0.987958
1.92676
1.43803
0.789466
1.01536
1.15891
0.12782
2.5612
0.707275
2.91288
0.541688
3.61238
0.00694026
1.97132
2.75749
3.86811
0.270715
1.09121
0.750921
1.59726
1.27695
1.96098
1.03414
0.783449
0.563082
1.23853
1.84726
0.0511665
1.27496
0.9848
0.609005
2.46121
0.687062
1.53988
0.521929
0.182404
2.52341
0.322197
3.04824
1.28287
0.542514
0.661549
1.12352
0.85095
2.58993
0.600225
0.780827
0.488452
0.00421376
0.879375
0.226431
2.09728
0.213579
0.640221
0.428541
0.0444315
1.28422
0.0817715
0.0374713
4.92509
1.7194
0.124109
0.120208
0.337588
0.251509
0.281914
2.50221
3.82226
0.253871
1.08483
0.922908
3.00012
2.29981
0.0315237
1.44296
0.012133
0.29898
2.51694
0.321384
0.52078
0.803806
0.00278542
0.0426597
0.0303594
1.51491
0.233266
4.05987
2.05822
0.264216
0.16145
1.31544
0.672742
2.28843
0.149383
2.37733
0.303707
1.64731
1.96423
1.05558
1.24657
1.90162
0.789532
3.07471
1.01383
0.0910415
4.0433
3.31358
0.300436
0.430507
3.66762
1.98622
1.82544
0.391804
0.599236
0.194657
0.765876
0.975309
0.115706
0.165889
0.12011
0.602387
0.203149
1.04333
0.27288
0.418675
1.17137
0.110164
1.00189
0.799975
2.31586
1.62135
0.253187
0.922014
1.9069
0.941487
5.08935
0.51035
5.30673
1.26998
1.01114
0.371984
1.39927
0.680876
0.482387
2.15984
0.342389
2.5165
0.69633
0.00207058
1.37752
0.968467
1.61582
1.07705
1.28933
0.349029
1.12857
1.31203
4.08839
0.174163
2.00938
0.132032
6.41462
1.23978
0.188663
0.384724
3.86096
2.19199
0.340462
0.472627
0.927649
0.499196
0.339676
2.37023
2.43369
0.102459
0.75937
2.83807
0.845167
0.636982
2.19192
0.0610709
0.656341
0.572341
1.56802
0.883202
1.32286
0.345848
1.03541
2.27116
0.0390498
0.566073
2.68412
0.111093
3.23133
0.0642671
0.147302
0.627527
0.407939
3.7333
4.04388
0.102782
1.37558
2.49936
3.36139
0.972582
1.822
0.117441
2.16943
1.78434
0.679794
0.0264352
3.06862
0.585226
2.73219
0.805812
1.48475
0.055399
0.236874
1.16133
0.0416378
0.897644
0.0219813
0.472685
1.3066
1.52793
0.407402
1.3455
1.76481
0.234747
1.06446
0.248945
0.0707979
0.625248
3.28761
0.0620292
0.0276008
1.45565
1.37494
6.70733
2.61545
0.761305
0.588791
3.45131
0.587256
0.219302
0.941254
1.76595
0.947923
1.93295
0.605048
0.8782
0.893144
0.133473
4.60009
0.0635242
2.34959
0.277951
0.250295
0.557397
0.719723
1.2635
0.69126
2.21184
1.5502
0.304772
1.07386
0.972966
0.228564
0.407072
1.29545
1.96509
0.389157
0.433018
1.2781
5.43757
0.73728
0.795452
1.91778
0.710039
1.81024
0.62141
2.22437
2.13811
0.146213
0.0901272
1.04929
4.60694
0.308304
1.15673
2.22018
0.358745
3.82595
0.689108
6.02866
0.598339
1.22288
1.92941
4.08799
0.908813
0.0648464
0.486842
2.15308
0.501717
1.23151
2.51849
4.04941
0.325546
0.481379
0.203854
0.515486
0.0838313
2.3703
9.58239
0.453702
4.42595
3.07774
0.593909
1.21102
4.70266
0.474613
0.21198
1.33781
2.22655
0.400973
2.23089
0.23665
2.04115
5.62943
1.4017
0.828117
1.92284
0.108529
0.256135
6.50701
1.07693
2.34515
1.63299
1.77722
3.82094
0.439713
0.127548
0.785498
1.31449
0.146163
2.69282
0.0315674
0.455787
0.777272
3.76692
0.700191
1.73893
2.35277
0.480095
0.148089
1.12194
1.53532
0.232832
0.845147
0.631219
1.35173
0.209719
4.87154
0.297827
1.11166
0.311436
0.136391
0.335665
0.033537
0.291195
0.260254
1.06019
1.27471
0.254212
1.38992
1.45985
0.182637
1.02683
0.541219
1.78495
2.00187
0.081367
2.21877
1.49968
0.366871
4.71306
0.763742
0.890136
4.26983
0.764492
0.697906
0.588343
0.07586
0.297161
8.87061
1.11612
0.615437
1.91015
2.70851
0.49856
0.381993
0.327668
2.0918
0.84058
1.24611
0.0595089
0.0353775
0.180058
0.769085
0.347817
3.00144
0.459445
0.68638
0.881644
2.57724
0.761603
0.196256
0.0833931
1.26306
1.48262
2.59602
0.618042
2.10616
0.829873
0.370548
1.09118
3.86225
1.24294
0.251439
4.28651
0.318807
0.0635455
0.718846
0.349783
2.43725
0.356694
5.90712
1.2902
1.25637
1.96866
0.308074
0.0154175
2.56012
0.736181
1.51706
0.204732
0.347612
3.98395
0.109954
1.23755
1.42798
2.96248
5.08228
1.31802
0.260142
1.07812
0.119334
2.33811
0.377434
3.01281
5.2694
0.634297
1.00552
1.69064
0.600284
0.134042
1.33208
6.11529
1.55858
0.507235
2.88528
1.59112
1.09461
2.80999
0.0692805
2.82644
0.321098
0.211013
0.959858
0.313388
1.0918
1.12636
0.801041
0.462357
0.491402
0.151627
1.3938
0.325412
1.05594
0.00612933
2.78221
0.8466
0.316987
1.93925
3.63871
0.446379
2.27052
1.98252
2.82425
1.3738
1.95949
0.527852
1.10647
3.47058
6.07691
0.544709
4.51733
0.264286
0.283289
0.195918
1.42582
1.18299
0.749534
3.23869
5.82945
2.24848
1.25267
1.16015
0.7054
0.0905582
2.21664
2.20525
2.25007
1.11395
2.51719
1.05374
0.238444
0.441668
2.37622
0.449193
1.18971
0.202951
0.793418
0.55997
0.980839
0.247299
0.51162
0.339737
0.209333
0.0932802
1.87196
0.0770068
0.991171
0.352487
3.22373
6.27051
1.18542
1.06488
0.693535
1.00723
2.23763
0.250821
1.04987
1.25684
0.71433
1.25266
0.460054
0.817739
2.40768
1.43803
0.846045
0.392862
0.423915
1.93443
0.298308
3.13776
0.692745
2.30044
0.657556
0.71367
0.403292
0.630987
0.947722
0.214023
1.50736
0.388646
2.34346
0.274938
0.395056
0.604588
3.5545
0.470668
2.7498
1.0563
0.273107
0.23972
0.340259
0.454363
1.82227
3.56655
1.69495
0.285722
1.60877
0.877554
4.47132
0.51758
0.501903
0.408763
0.781731
0.0169944
0.484605
2.93946
0.628372
0.998235
4.15361
0.656466
2.04837
0.0665154
0.92752
2.4828
1.77832
2.05981
2.69812
2.34095
1.68137
2.94827
3.68799
1.32777
0.374296
6.15366
3.44876
0.92141
1.52044
2.36561
4.02368
0.241216
0.512
4.30965
0.0772289
0.651116
2.00903
0.0883607
0.06805
0.102865
0.588892
1.00119
1.36469
0.707055
2.13218
5.78516
2.16947
1.01826
0.568109
0.445903
1.37576
1.2331
1.70513
0.249199
0.162302
0.352073
1.91296
0.790358
0.477193
0.353659
0.730776
2.43767
0.541886
0.00237621
6.53718
1.18051
0.0987914
5.60841
0.996438
0.142273
0.943138
1.67507
3.15483
0.868611
1.01406
2.16092
0.962906
1.99638
0.0192524
1.89687
0.713281
2.26684
0.706484
1.68684
0.534576
1.73805
0.400893
0.530651
0.643351
0.350914
2.27276
1.3365
0.204564
1.28032
0.0383358
0.554384
1.5918
0.757528
4.0028
1.77445
0.685568
0.367939
0.57447
0.403009
0.998783
1.69021
0.771064
2.59894
0.410302
0.657499
0.180913
0.218291
0.193545
2.89471
2.06865
2.48696
0.816234
1.58062
1.4755
0.653736
2.49394
0.917847
1.25358
3.29267
0.173399
5.30759
0.444356
10.5238
3.78758
0.41758
3.12116
0.45904
1.3935
0.167884
2.5136
0.825438
5.03417
1.82998
0.977163
0.0763261
3.45145
1.45063
2.47096
1.77711
2.90476
1.77909
2.70873
0.240546
1.71066
1.16251
1.41017
3.37806
0.739782
0.523806
0.725449
0.452076
0.361338
1.69381
1.63061
2.35247
1.07486
1.15186
1.36184
0.606375
3.90056
2.70897
0.899048
1.8417
4.9627
3.3313
0.674843
2.71573
3.76757
0.487862
0.055627
0.812638
0.93773
1.77826
0.982333
0.398164
0.852567
3.79953
1.87902
1.57831
3.39664
0.751928
2.03345
4.4261
1.82964
4.35892
5.95594
0.474602
1.56288
5.27161
1.05632
0.509143
3.26266
0.355805
8.63341
0.677168
10.9789
2.84778
0.455662
0.787409
1.48219
1.48612
0.474445
1.50109
0.827837
0.866866
5.16909
2.16053
3.56235
0.351245
3.61065
0.109639
0.604359
1.21752
4.13557
0.670653
0.540795
6.06375
0.043392
0.0599423
0.358755
4.5149
3.1475
0.839234
0.928434
0.307753
0.976419
0.375179
0.979047
2.36134
6.12806
1.95932
2.33733
2.19038
7.02503
0.336199
2.8552
0.336898
1.4835
0.753187
0.404211
0.381732
1.19551
0.451283
0.413375
0.507144
0.0236678
1.7113
0.0805889
0.732169
1.55466
1.9994
1.40008
0.921271
2.07258
0.83387
2.94511
1.68501
0.20641
1.96155
0.0841896
1.17066
0.616113
1.18395
1.30839
0.478747
2.89623
0.219085
0.528093
0.0566808
2.26358
1.35877
0.231254
4.47528
1.49833
1.27643
0.595354
0.222125
0.0648932
1.37959
0.250542
4.67539
0.0228668
0.757786
0.382423
0.892236
1.25911
0.413332
1.90117
1.57404
1.29961
5.39466
2.20235
2.16307
1.15639
0.475889
0.112249
4.03289
6.36739
0.180039
2.87387
0.665134
1.26588
0.418673
0.371513
0.778249
1.12537
0.664525
0.230107
0.369737
1.13123
6.17216
0.73731
1.57891
3.67653
0.80996
3.00792
5.23109
0.437399
1.4849
0.461729
0.932749
0.5283
0.322435
0.044462
0.61121
0.71518
2.79821
0.909883
2.17935
0.61597
3.13477
0.521273
5.69229
0.013689
1.13912
0.380607
1.614
5.09911
0.967553
1.95673
1.94343
1.04332
0.431579
0.296313
1.53911
1.05937
3.08711
2.84062
1.02991
0.321482
5.85297
3.01974
0.934468
0.796856
0.436587
0.359969
0.501143
0.720725
0.188921
0.258473
0.375105
4.31729
0.728399
0.83427
1.16886
4.7218
0.0562585
0.741821
2.29993
3.12436
0.344514
2.49643
0.255424
0.0100331
5.18818
3.84967
1.56079
0.373995
4.11598
0.158207
2.92888
0.933089
0.112342
1.1722
0.261281
1.24797
2.01844
0.88497
0.921607
2.7063
1.27347
1.25579
1.3398
0.933646
0.757028
1.29316
3.73321
0.294134
3.53622
0.509082
3.30641
6.65209
1.12958
0.76719
0.012546
1.16727
0.0374023
0.457647
0.811108
1.0621
0.875762
0.277445
0.863405
0.191652
0.586442
0.211302
0.434842
0.923274
1.53828
2.93241
0.108506
2.41111
0.037726
1.40989
0.878834
0.0493491
0.12788
1.98688
0.339603
0.375954
2.61314
1.12154
0.23017
0.132148
0.222489
1.23606
2.05269
0.647028
0.104069
2.01108
4.23871
2.57289
2.95066
1.2235
0.247338
2.47292
0.738654
0.583641
0.702752
1.6218
3.53336
0.608251
1.87368
0.551197
0.570761
2.77315
1.18414
0.0337786
0.307585
1.83033
1.73035
1.58899
0.408567
0.526624
0.069624
0.0390465
0.0425595
1.77137
1.47369
0.136767
2.51208
1.47161
2.16763
0.331683
0.169425
2.29841
0.679033
1.08963
0.794774
1.30874
1.27103
1.23634
2.74854
0.344804
1.47149
4.14731
0.551052
0.562567
0.29167
0.911891
1.70121
0.718096
0.732512
0.228388
0.144913
2.51123
0.657874
1.55998
0.020918
0.0417089
6.59917
1.39012
0.698843
0.982769
3.13468
3.23564
0.448562
2.03178
0.729429
0.509123
1.144
0.295469
4.32772
0.568405
0.519515
1.3979
2.0146
0.380688
2.42887
3.31079
0.0194552
1.21324
0.900348
2.52034
2.35989
2.05916
2.05389
5.20403
2.21643
0.225062
1.65351
0.716314
0.965597
2.3092
0.404042
0.0123076
3.11525
2.29373
2.20899
1.69904
5.65424
1.09557
0.134041
1.93695
0.566991
0.190969
2.27693
0.493014
0.103466
0.917988
3.08933
0.171077
1.64604
1.468
0.147328
0.210106
0.460325
0.142
0.554684
0.00166733
5.46157
0.66567
0.950789
0.346663
0.313398
0.333084
0.625736
2.58855
0.335127
2.42131
0.0872021
0.0948899
4.45058
3.65824
1.16337
2.79641
0.307693
0.355081
1.02635
0.834759
1.66895
0.677308
0.707355
0.288334
2.36319
2.27717
0.719736
1.17361
1.21479
0.643826
0.104816
0.719199
6.02667
0.378434
0.575653
1.29321
1.08904
1.01676
0.0950264
1.34172
0.486614
0.882365
0.598948
0.616684
2.46649
1.03792
1.53628
3.70648
0.446299
4.04118
4.62314
0.725603
0.82023
1.09244
3.92849
0.483708
1.9656
0.211726
2.94644
3.07419
1.10905
0.731953
0.658188
2.4088
1.91825
1.76276
0.948972
0.183979
0.500148
3.20596
0.245553
1.51611
0.221278
4.6439
0.503273
0.669085
1.76491
0.447684
1.51661
0.100203
1.57833
1.72262
0.625414
2.21362
1.17209
0.72304
1.37982
1.79261
1.30436
0.773623
0.34199
0.162775
0.0901313
1.06461
1.64279
2.90113
0.027359
0.0159448
4.93403
0.534564
0.748131
0.872211
4.72364
0.912124
1.38615
4.80855
1.8387
0.199328
1.53681
0.526043
0.11309
4.42044
0.272476
0.0595013
0.559533
0.498815
2.84845
0.312952
0.318973
0.155635
0.331405
0.103749
0.554561
1.4366
0.870925
1.3706
3.41758
1.7871
1.80528
0.868028
1.86193
1.20446
0.462388
0.826353
3.47148
0.63486
3.75201
0.55604
0.506226
0.977286
2.77024
5.67786
0.294257
2.38426
2.30299
1.60735
1.04816
0.3928
2.45455
0.451847
0.584576
2.30133
1.84002
0.485349
2.43578
0.437451
1.05968
1.34676
1.06673
1.90914
0.521554
7.47643
0.265865
0.747174
0.0278625
1.17991
0.156865
1.95302
1.7104
1.01721
5.94969
0.339919
0.277942
0.694901
0.231029
0.874794
3.05306
1.05377
1.59922
2.85938
0.216389
1.10379
2.55182
0.955752
0.332863
3.94935
0.683634
0.813316
1.0135
0.881534
1.28236
2.06841
0.794073
0.259628
0.420211
1.20845
0.318051
1.44438
0.136951
0.0501746
5.39955
1.13103
1.3871
0.702794
0.319705
2.35659
1.04503
3.16426
0.936641
1.03643
2.06212
5.06486
2.50402
1.03652
5.31971
1.48611
2.14692
3.02677
0.285377
0.769764
1.59783
1.34449
2.08229
0.301093
0.253489
1.50126
5.92118
0.0968
3.57022
3.12144
1.30204
1.50359
2.63676
0.121632
1.37847
0.322225
0.888192
2.50292
2.04306
2.48585
0.915218
1.97504
5.32246
0.813863
1.02321
1.15179
0.127675
0.180156
0.577734
0.155874
3.5053
0.32374
4.02631
0.603301
0.449928
0.0628075
2.06411
1.02082
2.04805
0.413763
1.4862
1.75144
0.989739
0.0141823
0.639566
0.178747
0.245831
1.48112
3.5174
2.07744
1.36789
0.0710997
1.00302
1.22031
2.69023
0.00126003
1.15423
1.406
0.159579
1.74866
0.0560408
1.71765
0.947113
1.26847
1.73352
0.41592
2.32298
0.388754
1.70333
0.634918
0.388817
0.398597
0.495517
0.132461
0.0554445
0.0938433
1.09618
3.50018
1.40024
1.85246
0.892441
0.538664
0.173193
0.385463
2.28514
0.457911
2.86711
0.355515
1.45351
0.967795
2.5135
0.614702
1.48061
0.231979
2.13812
3.89655
2.14964
0.64414
0.214192
1.69568
2.505
0.215579
1.01598
1.15563
0.865538
0.209223
1.96031
0.0170691
2.24228
1.52256
0.565535
2.15503
0.527987
1.45163
2.52634
0.449183
0.411673
3.0269
0.115196
5.96966
0.924145
2.00586
0.375116
1.55045
0.239457
1.00818
0.581361
1.9926
0.198831
0.100137
0.0915398
0.121855
0.203182
0.0468851
0.506068
1.55033
0.19098
1.57397
0.334221
2.0791
1.64037
6.27881
0.0357341
2.72564
6.16082
1.67909
1.54614
0.598153
0.161115
0.526323
0.914118
0.568427
0.262164
0.360686
0.555683
0.68218
0.161533
1.13394
0.359147
1.05069
0.118682
5.55539
0.18618
0.469921
0.0997661
0.687209
2.90287
1.52113
0.792974
0.136752
3.94968
2.83894
0.63857
1.37393
0.42485
1.83199
1.48996
0.906772
0.0617002
1.17889
1.91221
1.77727
1.0055
0.15025
2.80513
0.0548148
0.348701
1.69546
0.322923
2.73453
0.478563
2.37432
0.315652
3.67398
3.97902
0.380207
2.13846
1.31778
0.442365
0.53298
1.4351
0.278125
2.96956
1.36059
0.275408
0.0829619
1.0676
1.18312
2.64748
2.24077
0.268953
1.54916
1.15202
4.15107
1.57869
0.26502
1.51622
0.800862
1.5468
3.00529
1.00508
4.24597
1.44443
0.963181
1.12793
0.39671
2.58871
0.0252597
1.44326
2.29609
0.713404
5.40637
0.192091
2.65364
1.0441
2.53968
0.26476
1.57993
0.0996166
0.791768
1.49913
1.16177
1.46584
0.212333
2.50992
0.970631
0.571308
0.165931
0.533874
0.840394
1.80931
5.50268
2.38781
0.853771
0.283507
0.191508
0.315277
1.54187
3.97073
2.42009
1.8263
2.77117
1.98785
0.0562891
0.266726
1.15135
2.9511
0.635658
0.672078
1.62287
0.191434
0.848598
0.434848
5.50725
0.826798
0.0125422
0.121906
0.224783
3.04018
1.09571
2.19342
2.95663
1.18579
1.82358
1.29182
1.86992
2.93894
1.11442
0.121383
2.7233
1.08047
0.332655
4.81552
1.45166
0.376721
1.31822
0.401035
0.157084
0.310045
0.862871
4.1601
1.10909
2.88398
0.309593
2.03917
1.90081
3.01944
3.28121
0.627299
0.372464
0.918329
0.127384
1.34419
3.27777
1.45259
1.99012
0.92342
0.29432
0.584602
1.53132
2.09756
0.635152
1.10671
1.24654
3.2386
2.07766
1.30537
0.288339
1.41615
0.632099
3.62851
0.76019
0.807606
1.69113
0.0572816
3.82224
1.03987
0.0219947
2.08395
0.581729
1.04951
0.0471706
6.75943
4.00657
3.05991
0.623934
0.790621
0.0974334
1.11899
0.116761
0.247652
1.04628
0.0655787
1.88534
0.270784
1.11713
1.7402
0.0951857
0.561418
0.38081
2.65157
2.24234
1.72923
0.049835
4.42662
0.722044
0.460378
3.08415
0.788255
2.32415
0.489675
0.625693
0.531804
1.25031
0.581724
0.597039
1.96595
0.756678
1.65213
1.79567
0.315197
1.34713
0.785565
0.355486
2.82362
3.12544
0.710411
0.636318
1.75145
0.344108
0.553536
1.20405
0.184661
0.791723
0.0499791
0.252131
1.30424
2.7848
0.558194
2.8923
0.0461017
5.61543
0.187939
0.459955
1.50536
2.60673
6.1905
0.473877
0.012096
0.952571
0.606278
1.66654
0.181957
0.306877
0.409139
0.242215
4.46496
3.20063
4.09832
1.65217
5.9634
0.944131
1.26959
1.03625
2.72415
2.89354
0.471502
2.47024
0.400918
1.86886
0.539704
3.79536
0.943842
5.05976
0.764379
1.36833
0.641091
1.95341
4.36777
4.41902
2.09043
0.0549639
0.485408
0.512327
0.12618
2.68073
1.19624
0.696473
1.8774
6.40621
0.0837339
1.41893
0.953464
1.9239
2.1894
1.28575
0.668273
0.0300322
0.0236783
1.63127
0.035787
0.0473837
0.0371912
0.426576
0.377468
4.40979
2.81821
0.401153
2.185
0.187087
0.185195
0.419951
1.09276
2.1838
0.633056
2.38893
2.75893
0.179976
1.64416
0.821757
1.48175
0.729122
1.71582
0.786404
2.27262
0.616732
0.467912
0.0103193
0.960382
1.19098
0.933216
0.905459
4.01684
0.811009
1.1827
0.861493
2.11608
0.0482429
0.403378
0.414381
0.910852
0.666906
1.66528
0.330358
3.95349
1.24131
0.445934
0.0515043
0.279907
0.648736
2.24015
0.0455711
0.597724
1.76104
1.0612
1.54225
0.378388
2.22546
0.518896
4.67539
0.920623
1.72537
3.41745
0.598825
2.08896
0.43593
1.9275
0.216662
6.39957
5.17269
0.282453
0.170646
4.63055
0.506332
1.18926
0.476817
1.47604
1.70901
2.49558
0.479236
0.610336
0.0991674
2.52609
1.46971
5.5591
0.722763
0.741806
0.344782
1.14578
0.592041
1.51814
0.134492
0.731159
0.0456788
1.02343
0.993041
1.57797
3.15153
6.19381
4.57003
0.844207
1.352
0.624082
1.31169
1.86486
0.330933
0.216622
2.18225
3.34034
0.163163
0.718163
0.0268766
1.49777
3.72122
0.97702
0.990752
2.6012
2.08891
0.114561
3.01065
2.2171
0.932092
0.398184
1.03311
1.67189
1.01049
3.15918
1.99524
1.09475
1.52539
4.7875
3.29024
1.86066
0.144112
1.99371
0.145414
1.33603
0.803794
4.50271
0.236553
0.29819
0.170898
3.99575
1.83965
1.52348
0.610211
0.266134
0.276133
0.69571
0.695257
1.0688
2.67798
2.11745
1.63271
0.468681
1.6297
0.903077
3.02716
0.00465103
0.821007
0.37061
2.58377
0.118771
3.83361
1.13339
4.16584
4.3062
0.522563
1.08607
0.0465899
3.27692
1.99478
0.926661
2.2238
2.41026
0.152579
2.62303
0.59143
2.15182
0.109054
0.496094
0.151032
3.43167
0.646221
3.02005
0.635779
0.982711
0.167785
0.619823
0.055575
8.57863
1.96651
0.698626
0.724438
0.563662
0.240791
1.88566
0.350631
3.8233
1.05577
0.300937
5.27221
0.00367456
0.650492
4.35522
1.22463
0.206171
0.336101
1.09967
0.113645
0.567007
0.135613
3.82528
3.65896
6.17803
1.65999
1.56106
2.1754
1.9459
1.23396
1.22244
0.161478
0.64896
1.04153
0.423079
0.255539
5.14621
2.10731
1.3059
4.66888
0.09037
0.842742
3.17128
0.398385
2.08006
5.3185
0.712762
0.757653
0.134089
1.36259
1.44486
2.45847
2.41627
0.0303361
0.946578
0.280394
0.479381
1.6977
0.0371378
0.646538
1.30159
1.06465
0.313431
0.48514
1.66325
2.69724
0.538465
0.0354678
5.39677
0.0539464
0.163932
0.740003
0.676813
0.22189
0.946766
0.0413963
0.660999
0.59818
0.00308891
0.66378
1.83496
0.600132
0.703372
1.42939
0.142089
0.482071
0.281238
0.645782
5.66313
1.67882
0.763757
1.09556
4.17811
3.25938
2.84834
1.79724
0.302057
1.61385
4.02443
2.7133
1.40021
0.602
0.916145
3.70582
3.88153
1.23608
0.519918
0.145211
0.0304295
0.115903
0.211279
2.32981
0.0474227
1.40953
4.82745
0.551217
0.171242
1.13269
0.976209
0.148725
1.20858
1.95759
2.26064
0.473088
1.27184
0.804857
1.28319
1.41305
1.16349
0.824273
0.339943
0.648877
0.524507
0.184261
1.87795
0.130717
0.301702
1.64969
7.09567
1.70112
0.365529
0.0474494
1.44885
0.818789
1.17804
3.13724
4.22618
3.22082
0.311914
0.983804
0.36212
0.117168
0.0350151
0.966703
0.907233
0.115036
0.606084
3.22073
0.270602
0.79695
0.419815
2.45005
1.36434
0.645681
2.78975
1.04412
0.556419
0.512245
1.93765
0.398544
0.07835
1.44072
2.75479
0.308376
3.64347
0.542874
0.0765337
1.84698
0.441596
0.112057
0.900454
1.42394
0.216685
6.5436
2.08811
1.11396
0.655546
1.59935
1.61632
0.660502
0.644236
0.628147
0.472496
0.0752661
0.363264
1.59818
0.45167
2.0661
0.859079
1.1512
2.41696
0.724118
0.405523
0.0527204
1.72747
5.30852
3.08689
0.793169
0.312433
2.35672
0.148694
0.792766
0.0378404
0.782751
1.56339
0.468272
4.04206
0.697656
0.482709
1.89044
1.71505
0.0558288
0.453102
2.46316
0.341272
0.241989
0.203132
1.64375
0.469146
0.494977
3.80916
1.63261
2.04436
5.90991
1.34941
0.641811
0.519705
0.148703
0.239537
0.321565
0.0410866
0.0803372
4.17611
2.28048
0.736254
0.256175
3.9265
0.73028
0.91268
0.650086
0.699758
0.383904
1.97564
1.21771
0.6226
0.414987
0.611603
0.403996
0.303446
0.190382
0.321864
0.760632
0.539772
2.0212
2.2743
0.109311
0.487766
0.378526
0.858496
1.2307
0.358758
1.85334
0.304579
2.91443
0.607
0.409248
0.0860706
0.524862
0.258298
1.48987
1.08397
0.0195618
0.760665
1.63092
0.648889
1.16885
0.497552
0.718271
0.355367
1.03528
2.22362
2.17704
0.358119
1.34709
4.48698
0.24548
1.79061
1.10977
0.543201
0.0965993
1.01864
0.243033
1.22585
1.49407
1.1765
2.24466
2.59725
0.410268
2.64727
4.46822
0.244982
6.26968
1.88528
5.21769
0.707479
0.301229
2.82698
1.09399
0.258262
3.48041
0.0896345
1.32136
1.87329
0.838724
0.731372
0.865668
1.62815
1.29838
0.0323676
1.44816
1.72318
4.63132
0.0799016
0.342696
0.761239
0.971648
1.27375
4.00113
4.36343
3.11762
0.0520348
1.07654
1.98917
1.64432
2.95783
5.59012
1.15364
3.21727
0.188803
0.666152
3.74421
0.213151
0.149197
4.74921
1.98254
2.54773
0.118878
0.190424
2.08702
1.79739
2.47289
1.36878
1.41559
1.41526
0.0921161
0.576198
4.65111
0.442772
0.134494
0.575055
1.9785
2.42312
3.87537
0.54738
2.48376
0.205999
0.151756
0.230431
2.93172
1.31652
1.71704
4.13227
1.14379
0.541151
1.1703
5.1517
0.205697
0.875
0.364038
0.660829
1.83948
1.33009
0.0200945
0.524135
1.00435
3.17026
0.762397
1.47972
0.845394
0.621633
1.5533
0.741923
3.11562
1.32445
0.731695
0.485885
0.67532
1.41285
0.988455
0.177481
1.41877
0.574439
1.58227
0.489568
2.76156
2.40322
0.630463
0.186265
2.42345
1.83997
0.0280218
0.307803
1.47624
0.821864
0.0100065
2.27419
7.91162
2.18729
1.19671
1.15358
0.800462
2.63263
0.23877
0.630343
0.0772044
1.3638
0.631476
4.38559
4.89924
0.0791151
1.79396
7.17873
1.02004
0.100968
0.901127
0.0289268
0.849203
0.237236
0.578938
2.30775
3.8176
0.829421
2.46578
0.878718
0.0646683
0.543188
2.01455
3.43145
0.470586
2.03524
0.819016
0.756681
1.90557
0.890832
0.901193
0.133872
1.08658
1.98143
1.11133
0.641244
2.4464
0.366971
0.889399
0.693794
1.2923
0.44382
1.43948
0.344292
0.364089
1.86094
0.146224
0.270416
1.30462
2.23011
0.58215
4.98071
0.303506
0.0970049
0.911768
1.71383
0.817958
0.0846954
0.640282
0.849721
0.0406625
0.456647
3.60457
1.01548
1.23261
0.588675
0.712386
1.24333
0.308537
0.391341
0.2619
0.679478
0.0975378
1.80801
0.610425
0.423544
0.601602
6.37283
3.10673
3.11983
0.744952
0.115722
1.38933
0.136399
0.281903
2.2307
0.822081
1.01497
0.571138
0.846504
0.459975
0.034227
0.38657
1.80957
2.10786
1.71187
1.99192
1.0089
1.69762
2.03762
0.77162
0.439604
0.326538
0.112694
1.78355
1.29967
5.17661
1.20843
2.0502
2.42937
0.666675
1.20313
0.300469
2.10194
3.48437
0.671032
3.1544
1.48117
3.85856
2.15564
0.510755
0.639293
1.17681
0.113301
1.23946
4.40759
4.62475
3.37169
2.21911
3.29978
1.11414
2.67163
0.106962
2.12738
0.404454
3.74204
0.580878
1.37295
4.831
0.689179
0.203167
0.129591
0.986503
0.228122
0.272115
0.371599
1.608
3.01365
4.89054
4.63973
0.743632
0.835503
3.54465
0.376035
1.36484
1.15157
2.47724
0.386452
0.30049
1.86094
0.497331
0.629041
0.642643
0.457957
0.249749
0.56815
3.27725
0.396078
0.126992
1.09255
0.385115
3.45974
0.894498
0.146782
2.41998
0.928492
0.0549625
2.10295
0.153138
1.16586
2.13889
0.532463
1.12625
1.13569
0.650141
2.40091
0.145321
1.32369
1.48093
1.3267
2.76289
4.05893
0.22388
6.02558
0.00183682
2.71363
0.649436
2.38863
0.336265
1.87671
0.564693
0.0243109
0.686855
1.31507
4.08973
0.0267283
0.470862
0.144468
2.52859
1.47036
2.67907
1.82048
4.09701
0.514702
4.53931
2.39402
1.61794
0.176768
0.320665
0.697975
1.51522
1.05391
1.82988
1.6365
0.280658
1.32218
1.72346
1.26368
0.680649
0.5344
0.796096
0.0225729
2.56829
3.21919
0.427098
0.150391
1.68171
2.97494
0.237389
0.504738
1.06033
1.70434
1.59104
1.97132
3.11373
2.93742
0.204355
4.57775
1.20123
1.75513
1.73382
1.7376
3.46707
0.212688
0.142393
1.95276
2.14307
2.28559
0.637203
0.410806
1.36486
3.33274
0.256125
0.00970127
0.679507
1.07372
3.21807
0.975076
2.04439
2.87611
0.683225
0.542016
3.03009
1.64957
0.648813
1.49235
0.153234
3.89005
0.757718
0.0922209
2.83548
2.1991
0.00884519
0.651793
0.210943
1.97806
2.99219
1.89208
1.81586
4.12645
0.968045
1.29833
1.08343
0.231682
1.65049
1.27901
0.169642
0.942292
0.577667
1.30656
0.395331
1.95822
0.0542428
0.263587
1.13364
1.10711
0.314282
2.88677
2.36402
1.18806
0.212142
2.00083
1.07701
0.945188
1.85642
2.16971
0.0579538
0.814572
4.25207
3.56823
1.46059
1.29165
1.08827
0.231587
3.18833
1.27142
0.348532
1.57412
2.02673
0.352285
2.44529
1.15394
1.71336
1.07247
2.80382
0.0842729
3.06333
0.0286933
0.878109
0.335573
0.684969
1.02478
2.02868
0.615987
2.38223
5.39416
1.27763
4.28944
5.91293
2.03888
0.434814
0.612569
0.431225
4.99114
0.603072
0.851794
0.469407
0.781394
1.45883
0.163934
0.229936
0.266687
0.115603
4.66835
0.65728
3.84373
1.98422
2.53609
2.07633
1.58284
0.402769
0.132969
1.28935
0.149378
0.556128
0.0816963
1.93087
1.45908
0.645973
0.238144
3.5432
1.01354
0.363649
2.76283
1.61669
1.35016
1.43714
2.33681
1.43252
0.839197
1.05929
1.34916
0.233098
1.36998
0.714476
0.0685569
0.566536
1.30785
1.57843
0.485915
1.21892
0.346825
1.81263
0.541327
0.591275
1.08554
0.695991
1.91379
5.34656
0.35844
0.075527
1.30286
4.41633
1.29565
0.320164
0.916068
0.35685
0.183521
0.0612195
0.544747
2.31303
2.08471
4.75813
3.87273
0.675484
1.51813
3.3489
1.74236
0.0923537
0.853482
0.404921
0.242604
2.31119
1.25273
6.39561
0.403824
1.37379
0.624557
2.45116
0.55663
0.320191
0.496629
0.823952
1.68883
0.931393
0.910345
4.81047
0.777776
1.66853
0.576724
0.807722
1.31808
1.90194
0.149161
2.77499
3.79026
0.331417
3.55181
4.09931
3.51036
0.69165
3.86759
1.2643
3.7975
1.91559
1.53892
0.701913
1.30016
0.219067
1.98089
1.70696
0.0244784
0.322836
0.207458
0.47532
1.74154
0.490765
0.294779
1.60892
2.44068
1.53545
2.52191
0.23911
5.40564
0.557772
1.78191
0.22448
1.31376
1.31441
0.316229
0.0663811
0.769776
0.322931
0.497805
1.57893
2.44639
0.0423323
1.11515
1.47114
2.08221
1.02332
0.0203904
3.7958
0.106434
0.732197
2.48085
0.332083
2.19943
0.566257
1.20709
2.4798
0.17485
0.155617
0.277686
0.977487
0.158563
3.41372
0.072524
1.0338
1.17597
0.0129343
1.95343
3.25186
1.4642
1.35479
3.20362
0.6767
2.40891
3.78341
1.3623
0.0220004
0.246143
1.59681
2.66072
0.155927
1.30802
1.85844
0.771896
0.110353
0.235266
2.57343
0.201991
0.421361
0.291488
0.053217
1.91607
1.62375
5.10319
0.0220635
3.11969
1.076
0.974094
1.4343
1.83171
0.015626
1.79841
1.04031
1.1444
2.15317
2.50846
0.45349
0.657987
0.692038
1.87227
0.457401
0.474527
0.32517
0.422167
2.0223
4.17853
0.290726
2.92054
0.388439
0.441343
0.786491
1.77797
0.075186
1.33014
1.65249
0.638556
2.30119
0.372115
3.46781
1.66536
1.62039
0.0367589
0.130301
2.70695
4.24157
0.683602
2.25677
0.912356
2.26175
1.50235
0.0615997
0.771832
2.00241
0.357285
1.00909
0.752694
1.59231
0.0832873
0.462759
0.649941
0.0780039
1.46102
5.36468
2.08137
1.14094
5.28351
0.580858
0.0256578
0.702974
0.843623
2.26373
3.24559
0.15579
1.53993
0.703713
0.860642
1.41384
2.06324
0.108289
1.81729
2.51547
0.155698
0.332894
1.14789
0.325927
4.68519
0.640313
0.96215
1.48022
0.257611
1.20364
0.110118
0.758035
2.44018
0.167071
1.28906
0.0424827
0.443065
0.0097516
6.11327
5.87945
0.605315
0.923103
0.583319
0.0586181
2.47687
1.01565
0.403632
0.682547
4.65452
1.31812
1.32956
1.30278
1.44604
0.820931
2.29979
3.21217
1.7726
6.25265
2.47114
0.963666
1.4185
1.89615
3.94286
1.67687
1.37131
6.61626
4.89108
0.33891
1.01968
0.233843
1.06155
1.37847
0.352034
1.06412
0.718383
1.57833
0.00757388
1.81031
0.426189
0.500324
0.64436
1.31582
0.531595
0.790341
0.951851
0.261562
0.326458
1.86622
2.02423
1.41053
2.45831
2.19319
0.655117
1.81102
2.02279
1.04711
4.06543
1.21459
0.221817
0.5648
0.463694
0.820606
2.81494
0.284642
0.070177
0.9724
3.08179
0.897671
2.50669
2.82298
1.49788
0.447539
0.415885
0.0325354
1.24654
0.780222
1.57817
5.36481
1.26456
0.712334
1.27488
0.653106
1.15133
0.314913
3.80673
0.289791
0.883588
1.82698
0.282457
0.169485
2.04673
0.941577
0.0367376
0.863279
1.75538
0.544072
0.806325
1.56553
1.6923
1.52593
1.00941
0.278473
3.83578
4.08337
0.254081
2.65852
2.07798
0.522042
0.901024
1.69796
4.01644
1.3898
0.0676477
4.35534
2.49195
0.0686906
4.53805
2.20498
0.28718
3.03592
0.446906
0.943252
1.00432
0.330703
0.312352
1.06182
4.80637
2.01844
0.320567
0.677111
2.29476
0.908012
0.252812
1.57226
0.75511
2.98371
3.65792
0.268634
0.244639
1.04495
0.382168
2.09988
2.7866
0.287705
1.28998
2.04014
1.33655
0.841056
1.42899
0.645156
2.82865
0.768133
6.24839
0.159813
0.347232
0.0413741
0.0877832
0.779235
0.28322
1.70009
0.462896
0.225176
0.623869
3.23461
1.04461
2.59177
0.934189
0.880038
1.28147
0.661036
0.243834
0.141877
0.214988
1.13909
1.58862
0.697462
0.249763
4.70669
1.43672
0.0812092
0.595634
0.682758
0.0645623
0.170452
0.193184
0.305627
1.01484
1.13888
0.69777
2.1918
3.17799
0.854296
0.599848
1.69532
0.549017
5.45556
0.349117
0.491102
1.39856
0.217064
0.134684
0.588805
0.82546
2.62726
1.93258
2.60541
0.447129
1.59208
0.140818
4.1218
1.29611
0.29969
4.40745
1.39782
1.24749
0.547822
4.36539
0.807054
0.887732
1.80179
0.133504
0.540144
1.79278
1.53672
0.277492
2.60276
0.0979728
0.74441
1.39266
0.540283
1.2315
1.15249
0.772227
3.12553
0.178592
0.328189
1.09015
0.758946
1.07452
2.80665
3.11331
1.19729
0.242118
0.132561
3.97976
0.591203
0.127277
0.997337
0.261972
1.46917
0.87572
1.48601
0.419978
3.58572
1.56359
0.165348
0.353082
0.207612
2.10201
0.228648
2.55271
0.952939
1.12153
0.255144
0.381724
4.29865
0.776308
1.15897
0.0943818
0.813189
1.08402
2.46794
0.31988
6.06451
1.79192
1.49249
1.99051
1.40587
0.366999
0.330612
0.0413873
0.81525
0.232791
0.0718014
0.583359
0.042542
0.046088
0.634863
0.279901
1.31981
1.17829
0.334489
0.969868
2.31666
1.64515
0.10355
0.136389
1.97
2.05012
0.589163
2.30879
4.86117
1.27967
0.861953
1.2499
0.805943
0.478775
2.35573
1.63794
2.78878
0.210944
4.08989
1.22047
0.154171
0.33841
1.93697
0.176504
0.493002
1.12358
0.849882
0.00490624
0.410573
0.0914931
1.18678
0.988257
0.38002
0.588636
8.60931
0.279075
3.52869
1.66949
1.66219
0.490644
1.283
1.14357
2.56174
0.323519
2.30921
1.62605
1.75173
0.809158
1.31192
0.721678
0.24028
1.8513
0.496979
0.170667
1.69009
3.18139
2.08317
0.0887597
0.0730056
0.510538
1.10933
0.606759
1.87179
1.04653
0.027972
2.77765
2.96401
0.335954
4.97996
2.82534
1.38443
1.18471
2.0974
2.79795
1.17446
0.447899
2.0763
1.8124
1.54382
0.723613
1.57247
0.0444427
1.50724
1.3168
2.1989
1.31903
1.62637
0.695814
0.64389
0.295519
3.38089
2.19951
1.33352
4.5629
2.11264
2.56495
1.02154
1.66592
1.51255
3.52756
0.873595
2.04294
1.03642
0.013885
0.722912
2.44414
0.531822
0.411264
0.197957
3.70529
1.95095
1.77129
2.69776
4.14146
1.27022
0.609592
0.483008
0.68701
1.87983
2.8392
0.853823
2.69615
0.347671
1.86352
0.772645
2.5745
0.668903
0.787889
2.82443
0.262763
1.8858
0.769938
2.1236
2.35827
3.31811
1.08351
0.141055
2.72311
3.50315
0.803397
1.03829
0.678979
0.7882
1.69938
1.45327
0.170722
0.299756
0.0623512
2.71386
2.95983
2.55532
1.39334
0.897381
4.43749
0.868458
2.30536
0.364429
0.606106
1.37482
0.537503
0.14672
0.392011
0.334155
1.97756
3.04106
0.766697
2.74396
0.831266
2.17879
2.91199
1.7431
0.649088
0.697877
1.89462
1.21945
0.098635
1.03972
8.46657
3.20763
4.87146
2.55799
2.82025
0.383733
2.28093
0.00749791
2.2558
3.22637
0.793972
0.965651
0.787656
2.77869
1.4284
0.574284
0.483278
0.0327427
7.59756
0.187407
0.185867
0.687193
0.290422
1.20214
1.98842
0.63733
4.26227
0.056967
0.0958358
1.32138
0.902974
1.33747
2.27591
0.955685
0.326484
1.27714
1.36136
0.65335
1.39963
4.03294
0.548268
0.207621
0.563154
0.310596
2.80703
0.241415
0.934946
3.16066
1.1088
1.74653
1.69698
2.1585
1.37129
0.76931
0.370125
1.7344
1.77278
0.251962
0.19637
1.4403
2.3176
1.94618
1.06966
1.64204
0.193558
1.22526
0.271252
1.50985
1.33205
1.04566
0.218169
2.49587
0.582216
3.51076
1.35338
0.733262
1.39862
1.13509
0.319748
0.243704
2.65081
0.17248
1.54223
0.322289
0.204854
0.15709
2.01017
0.0887278
0.732345
1.15116
0.118578
0.293918
2.97138
0.759588
0.655698
2.44517
4.91981
1.28269
2.9335
0.93147
4.74771
0.275641
0.995407
0.166314
1.36348
0.0301964
0.576448
0.206182
1.51856
0.745233
0.440005
0.276572
2.97938
1.02584
5.31569
1.23215
1.98328
0.596085
0.616774
1.06771
0.459488
0.455577
0.0966054
0.630303
2.20386
0.787882
0.17018
1.12749
0.16414
0.494596
0.580915
6.20513
2.1158
1.42378
1.79736
0.0864344
4.0705
1.13965
0.190343
1.52906
1.23003
1.0827
1.45896
2.80827
5.62343
0.23977
2.8454
0.18624
1.58193
2.96528
0.805225
0.320016
0.828809
0.0660832
1.82278
2.28381
1.7309
2.06351
1.06354
0.388386
0.144743
0.728958
1.20385
1.14406
0.432805
3.88922
0.00750323
0.796598
0.743982
3.93891
0.397176
1.95371
0.931572
0.20656
1.04039
0.407301
0.982305
0.55409
3.79635
1.94473
1.93934
2.54772
4.85337
0.226282
0.274124
0.0619342
0.563125
0.723525
0.943076
0.163487
2.8885
0.445241
5.14864
0.838678
2.61252
1.33712
0.573491
0.575323
0.147062
2.63158
0.410638
0.244769
0.606785
1.17967
0.38434
0.106631
1.84865
2.73722
0.694416
1.26603
0.929442
1.71637
1.7908
1.38564
1.57418
0.103704
1.01778
2.30177
3.67737
1.92368
1.04172
0.730672
2.63771
3.82481
0.0461619
4.80286
4.93091
0.0853456
0.733979
4.38284
0.0472546
0.81148
0.317108
0.110326
0.272834
0.815917
7.68712
1.66992
0.586159
1.17915
4.60902
1.4606
0.965246
2.00591
0.0498292
0.831395
0.448526
0.0571879
3.15546
0.0766177
7.72843
0.568015
0.781664
0.473722
0.035303
0.626589
1.50454
0.1505
2.55377
0.29588
0.979708
1.09685
1.28636
0.439366
0.31434
0.255243
0.654867
2.44589
1.57238
1.25125
0.306321
2.72811
0.574822
1.44745
0.206854
4.49606
0.126213
9.44374
0.0176718
0.305697
0.42105
0.228449
0.948458
1.94411
1.46962
2.21834
0.403958
0.448203
0.52235
1.60426
0.769211
1.96922
0.241229
2.89408
0.183012
1.38479
4.1862
0.250735
0.316163
1.61913
1.31424
0.17579
0.322085
1.72673
1.26347
0.556114
1.81094
2.44487
1.30039
3.22432
0.540738
0.0665895
2.25264
2.78857
2.25192
0.92073
2.08175
0.035742
2.65279
0.269118
2.1013
3.3603
0.324719
1.83415
3.07979
0.498374
0.62071
0.0946533
0.103512
0.365967
0.677174
0.5704
0.142862
0.168373
0.771467
3.25923
2.28568
0.750021
1.16399
0.147368
2.40992
1.42537
0.248893
4.86625
0.471849
2.24376
1.30939
0.107595
0.621376
0.570217
0.0940454
2.49139
3.78507
1.16646
0.76913
2.28305
2.4498
3.6726
1.45607
0.794217
0.356671
1.38314
3.58024
0.738012
0.444918
2.45032
0.26542
0.882107
1.25483
0.123168
3.31171
1.41045
0.204729
0.510259
2.43065
2.0877
2.92718
5.27155
0.580135
11.0827
0.979529
0.537158
3.23873
0.515016
3.04449
0.515067
1.16031
2.14942
0.747736
1.66603
1.83461
1.12524
1.07981
8.79026
0.0754526
1.6396
0.180863
1.03304
0.779688
0.889298
0.482116
0.914344
2.26897
1.57173
0.65557
5.56919
1.72478
0.140049
1.36709
0.765522
2.97303
2.94761
0.504418
1.25448
0.421901
0.0811752
0.0917058
2.23156
1.60535
0.581486
0.484294
5.79094
0.0614882
0.911666
0.742917
6.17992
1.53378
2.82074
2.08754
0.293345
0.488907
0.713443
0.524674
0.150686
1.44713
1.33953
0.618316
2.08222
0.860432
0.184914
0.1859
0.821387
0.791773
0.894574
0.149978
1.21364
1.08376
1.82256
4.80443
2.02722
2.96516
0.125169
0.515102
0.791071
1.40737
3.38576
3.30119
0.665868
0.347163
2.72534
8.39626
2.8613
1.80743
0.929535
0.448909
0.278487
1.95675
0.770059
1.88619
1.8853
1.49977
0.398401
0.880228
0.28804
0.950793
0.886619
3.1394
0.555037
0.0390678
1.89626
0.206769
1.11367
0.901329
0.689893
1.29164
1.32623
1.18634
0.343223
0.0585309
0.797664
1.16166
0.955194
1.53462
2.20021
0.126614
3.42745
0.920239
0.0596283
0.467882
0.828068
0.420288
0.707343
0.0910919
1.75745
0.0437761
0.241012
0.515531
0.771965
0.935614
0.183815
0.014683
0.620666
0.854357
0.880051
0.713059
0.231449
0.228406
2.8876
2.87053
0.34049
1.74231
3.02782
0.256044
4.06291
0.147354
1.63638
0.142073
0.562532
0.265732
0.621746
1.42604
1.91174
1.22453
0.305598
1.03289
0.981399
0.378158
0.1068
0.666962
2.12561
1.37288
0.231916
0.459051
2.01285
0.113982
0.419972
0.913071
0.407491
0.289985
0.135366
2.41541
0.602628
2.15418
0.0251756
0.0838583
1.01455
0.0657665
0.156849
0.932895
3.88382
2.87063
2.45222
0.0836897
1.08254
2.74643
2.14598
0.674234
0.000250715
4.8152
0.437736
2.73424
5.55272
0.648856
0.0186358
3.28799
2.97784
0.195652
1.84659
0.116906
1.32504
1.44959
2.49914
1.75206
0.554733
5.04773
1.87246
0.196388
1.66775
5.12446
2.74769
0.534739
1.02668
0.590402
0.893707
0.28012
1.08191
0.731096
2.08807
1.21839
0.74155
0.803433
0.0596074
2.10086
0.382021
2.11488
0.541944
0.0985281
1.56254
0.473749
1.05641
0.00013709
4.68112
0.267102
0.0317622
0.733336
0.557872
0.589832
1.30164
1.19618
3.59148
1.0136
0.271344
0.247071
1.43496
1.66272
3.26606
1.67836
0.594104
0.47302
2.63858
0.318302
0.337329
0.67016
3.51801
1.79262
1.39429
0.925076
0.14675
1.31314
0.632129
2.66389
0.619691
2.79283
2.4563
0.704051
4.12904
0.80041
1.32594
0.0559861
4.27336
0.550928
0.100831
0.743475
2.96283
0.271023
0.712653
0.531438
0.863183
1.2389
3.41527
1.13107
0.291851
1.24751
0.832121
4.17202
0.865537
4.77382
0.254087
0.256488
3.53385
1.27451
0.640528
1.13825
2.13706
0.162302
0.234311
0.772643
0.34133
2.82312
3.07428
1.45929
0.250724
1.16314
0.203899
0.0685626
3.31982
0.107987
1.53691
0.410688
1.32857
0.654784
0.0119147
1.18598
0.456234
0.172098
0.217888
0.292504
0.176368
0.342217
0.968626
0.531661
0.926103
0.479576
1.99434
0.829544
2.258
0.733918
4.7098
0.169055
1.69615
1.15943
0.149625
1.62481
0.424014
4.36723
0.742807
1.78492
0.137908
0.211992
0.0371057
1.36618
0.721106
0.305961
0.26814
3.88766
3.90111
2.27047
1.89453
1.98629
2.90696
0.663601
0.628638
1.03134
0.0398271
2.51157
0.252836
0.986751
0.168652
0.802599
0.587095
0.0334388
2.65858
0.730684
0.095141
3.8124
1.17756
0.370693
0.793188
0.0423012
0.844269
5.63616
0.724595
0.50174
0.539171
4.12606
0.913077
0.129234
0.456778
3.04117
4.90755
2.04296
1.86428
2.63047
0.298368
2.01245
0.712978
0.422015
0.301838
3.67063
0.0258188
5.23024
0.660935
0.55456
0.455946
3.54555
0.178791
0.917953
0.788539
1.02753
0.151994
1.48562
0.64088
2.57034
0.155281
0.408348
2.107
0.448895
0.0139665
2.65273
1.07178
1.17433
0.948942
0.12214
0.251887
2.48727
1.75251
2.97416
0.0854434
1.03682
0.238438
1.68638
1.54058
1.9426
0.122707
3.17419
0.649717
0.75375
0.591724
2.44088
2.01436
0.343211
0.534967
0.0636166
0.391425
6.53584
2.92217
0.326601
0.77817
0.0680914
0.479909
1.22102
0.0947086
0.400795
4.60166
5.37147
0.588636
6.33652
1.24162
0.221533
2.75143
0.457635
4.84212
1.50915
3.98275
1.14093
3.17388
0.0784665
0.899366
1.66953
0.080507
0.42128
0.011318
2.84053
2.76562
0.158973
0.468096
3.03719
1.08597
0.610164
1.2638
2.29336
1.1098
2.47725
0.0443716
1.17239
0.106309
0.377417
1.86499
0.618248
1.04182
2.01152
1.43657
1.29286
0.595336
0.419795
0.127529
2.43835
3.48249
3.43443
0.364908
6.89252
2.50363
0.477276
1.45805
0.637426
3.06908
0.0331486
0.0406948
0.530946
1.8751
0.0386094
1.38448
2.23582
0.690695
1.70569
1.19747
1.40733
1.78273
4.87526
3.02109
1.56262
0.613367
1.5374
0.298502
2.19828
0.873562
2.16956
0.569506
1.15564
0.388101
0.421369
0.425126
0.733102
3.54569
1.12602
0.280563
0.980425
0.46726
0.257546
1.79602
0.09687
0.804552
1.52495
0.42555
1.55533
0.280912
2.3687
0.51971
1.52878
1.19284
1.33216
0.531656
4.63909
3.98204
2.46555
0.682664
0.149086
0.759599
2.48193
2.84393
0.0591747
1.58795
0.217957
0.000686756
0.614562
0.00380306
1.61037
1.54736
0.889492
0.741454
0.382899
2.56659
0.473718
6.34576
1.40161
5.00445
0.338332
0.349945
0.335965
0.884682
2.86201
2.02945
1.42625
3.24464
1.47397
0.0665175
1.92093
0.34218
0.181059
2.52516
2.85769
1.40901
0.667911
0.135088
1.41731
0.00379921
0.989275
1.46355
2.32822
0.872482
0.0661471
1.17985
5.76742
0.146103
2.51736
0.1844
0.602038
8.93505
0.167158
0.0234118
1.20234
3.02278
6.69565
0.21174
3.76304
0.656163
2.3635
0.0814712
0.0912518
0.427216
0.0241265
0.0594979
2.04668
2.54898
0.253395
3.43912
0.0364612
1.51372
0.583109
0.197431
8.07363
1.44877
1.06276
0.514919
0.190285
0.23108
1.39441
2.30597
0.940544
0.875266
2.49201
0.113374
1.2252
1.97864
0.315918
1.88606
0.910374
1.34839
0.876799
1.26074
0.41641
0.810111
3.14207
0.323061
1.20895
0.858306
0.825447
0.342551
0.748297
0.83398
0.45361
0.260004
0.293986
1.80186
1.43861
0.942742
0.897894
0.233151
0.879413
5.02286
3.02925
0.781638
0.712518
0.166482
4.55704
5.34034
1.58863
3.27204
2.69238
0.173392
0.86452
0.43815
1.10822
4.56723
0.873726
2.19085
1.98793
0.775012
0.169946
0.170721
0.610383
0.42641
0.721562
0.29484
0.684992
0.226748
3.33056
1.09647
4.36996
5.52619
0.812633
1.3532
1.01708
2.1579
1.73998
0.520673
0.632313
0.241103
1.30555
0.488074
6.91179
0.463549
1.23653
0.54266
0.906673
0.0218249
0.502561
0.437902
0.565921
1.1325
2.50987
0.376917
2.86461
0.462051
0.983339
4.96029
2.10655
4.47382
5.4495
0.216367
1.51041
2.56248
0.0162528
0.266911
1.14939
0.992044
1.03379
1.39928
0.17725
1.55483
2.23419
1.52214
0.922395
0.176987
0.516999
0.822616
0.367535
0.478636
2.42141
1.65586
2.63293
1.53952
0.169051
1.69328
1.26325
0.643745
1.38609
2.41069
1.32567
3.62322
1.03209
0.529517
0.450138
2.08841
0.358159
0.494854
7.17745
3.72336
1.64604
4.48
0.270117
2.13627
2.66842
1.46495
1.18192
2.0742
1.26193
1.6578
0.594808
0.0973022
0.494978
1.12509
0.807066
0.409855
0.994942
2.32792
0.498019
0.0957904
0.214691
0.474096
1.91187
4.78417
0.373143
2.40887
1.48645
1.00977
0.956429
2.8289
0.381812
0.354787
3.32922
0.537317
1.4032
2.42955
2.03891
1.77777
5.76311
0.627632
2.16043
0.410736
0.760214
1.01131
0.298152
0.616557
0.661806
1.87631
1.04646
1.8241
2.17116
0.306738
0.844378
1.97908
0.186702
1.81177
1.39547
5.86838
3.40362
0.0192646
3.731
0.402691
1.26613
3.3257
0.779556
0.896105
0.509999
0.72659
0.284913
0.357459
0.674193
1.21112
0.0743761
4.06169
2.24304
0.744792
0.939638
0.85308
2.64797
0.576778
0.448806
1.23624
0.583922
2.69609
0.566828
1.16336
0.0488166
0.228973
0.448144
0.0537612
0.555052
1.03058
1.22775
3.94447
2.16456
1.16071
5.89872
2.02474
3.59176
0.0992642
1.0343
1.00279
0.384524
3.48016
0.0464196
1.76161
2.74462
2.02491
0.115489
0.498761
0.700234
0.0673541
2.38646
2.4366
1.08881
0.525508
1.14195
0.222965
0.0793383
0.698448
1.96503
1.4792
0.698784
0.0144046
1.41319
1.03484
4.04744
2.48937
2.96725
4.90999
1.40863
1.08824
1.31468
0.610368
1.56129
1.02694
0.44337
1.50838
0.410346
0.103141
1.38452
1.54734
2.58518
0.184716
1.84913
3.37565
6.56651
5.42667
0.279634
2.44934
0.0548576
1.40998
1.34522
2.03263
0.628425
0.309457
2.79734
3.07247
1.64539
0.640543
2.70076
0.283277
1.32108
0.151982
0.768683
0.643543
1.27973
0.624741
2.40819
1.10799
0.373144
1.23002
1.19018
0.37995
0.202562
0.476048
2.66049
2.52617
1.06276
1.0776
0.754664
1.63995
0.423079
0.428595
0.112415
1.39978
1.32652
5.41214
0.349591
4.59252
0.689345
0.548608
3.86874
0.270504
0.242023
0.438162
0.258324
0.661553
0.00204229
1.0266
2.4816
0.351039
1.40492
1.5328
0.542775
1.78836
0.954164
2.13543
2.20514
0.391572
0.18993
0.259799
1.94052
0.494124
0.0314428
0.134063
0.16995
0.520747
0.554116
2.77894
1.72636
0.255824
2.00519
0.5255
7.08472
1.68949
0.0123754
1.38038
1.55663
0.777366
0.325534
0.499034
0.113022
2.13218
0.635266
0.800495
4.09328
7.20946
1.68739
1.23312
3.02717
0.250007
1.33099
1.2592
0.807654
0.00414393
0.0336859
1.35113
0.426785
0.0228276
0.611041
1.9179
3.00054
1.48773
1.01967
0.543585
0.166
3.51239
1.02973
2.50333
2.20632
2.47795
0.778576
2.40299
2.65477
3.28993
0.969361
0.97011
1.23568
4.54876
1.05258
0.111351
0.0268522
0.73598
1.6877
1.9624
4.85954
0.610856
1.25413
1.53982
2.36706
0.55353
1.15954
3.60461
6.68008
0.854847
3.2337
0.275516
1.29484
1.52525
2.10793
0.101638
0.0807746
0.352712
0.993183
2.14543
0.0992073
0.454121
0.568361
5.36393
0.370818
4.18952
0.329396
0.171845
1.03533
0.242875
2.45309
0.975159
1.98254
0.53501
0.125254
1.37851
1.00231
1.29124
0.300421
0.364586
1.42336
0.373132
0.895363
0.781216
0.191253
2.45653
2.86526
0.533761
0.375012
2.04762
0.00649855
0.24885
1.114
0.51891
2.66461
3.15827
0.237915
0.294925
0.749161
2.84876
0.168548
0.354224
0.324678
0.0571929
1.44621
4.28874
0.253862
1.58212
2.7974
0.582222
4.38405
0.777569
1.53582
4.26844
2.6368
3.69087
0.13723
1.50313
2.04138
0.208141
0.752742
0.0365684
2.70165
1.37792
1.19847
2.5566
0.1504
0.708932
1.03872
0.662692
1.10457
1.03929
3.57046
0.584689
0.855205
4.33727
0.379432
0.139201
1.32736
0.68672
3.9491
0.718653
1.97784
0.531359
0.292909
0.497452
1.27828
0.500088
1.0038
0.276815
0.596726
8.801
1.29717
1.34952
5.26559
0.395276
4.03027
1.50868
0.623296
0.898423
0.308344
0.673319
1.89011
0.452889
1.13792
3.43427
0.0375268
2.49427
0.0102937
3.27546
0.656884
0.805446
0.912269
1.28894
3.15141
0.214322
2.03324
4.27323
1.28438
0.492243
0.0914233
0.301737
0.0371876
0.528812
1.34737
4.22891
1.08498
0.434001
7.88664
0.891604
0.0283684
5.29933
0.247268
1.06591
0.592024
0.395865
1.01049
1.19406
0.00639837
2.80045
1.31692
0.309488
2.01745
1.15548
0.104547
0.655345
0.191325
2.44782
2.63398
1.99586
0.0989152
0.14947
0.809274
0.513263
0.481133
1.22502
0.811806
1.106
0.367578
0.532211
1.01379
0.316352
0.941916
0.297859
4.16096
0.117389
2.24359
2.15574
1.00606
1.74726
2.33204
0.186075
4.98941
2.88625
2.30787
0.295384
1.32399
