3.88216
-0.128479
0.359361
0.0471891
-0.785616
1.36338
-2.7987
-0.00538157
-1.05973
-3.21217
-0.311534
3.19087
-0.313831
0.907696
-0.155493
4.77719
1.23701
1.45033
0.0811247
-3.01304
-4.97919
0.0691926
-3.51522
-0.697671
-2.99993
0.555441
1.10218
2.69064
0.113261
0.0439642
5.24736
-4.76738
0.315268
-1.24589
-0.00243336
2.22492
-0.724908
-1.50008
0.945454
-3.58809
1.72518
-1.53951
2.57998
-1.10451
-5.16876
-0.356654
0.238349
1.06965
4.36003
1.22768
-0.716558
4.08339
0.647604
-0.594524
-5.55679
-3.67222
-0.567608
4.80761
-0.16082
-0.43698
5.21099
-0.00573278
3.02547
-3.71332
-0.211401
-1.2896
1.17843
2.94093
-3.57945
2.661
-0.0405192
-1.34945
3.9879
1.58907
-2.75285
-0.395443
1.2508
-1.88811
-2.47762
0.579303
-4.32961
0.416488
-4.60694
3.32165
-0.945518
0.422351
-0.171369
-1.66714
2.66776
-0.805569
-10.235
3.50242
-1.47542
2.63502
1.36729
-0.178188
0.131784
-3.4025
2.047
3.74963
-0.028639
1.1021
-1.15456
0.775713
1.21729
0.776371
-3.53687
-0.194054
-3.85338
2.47992
2.0007
1.45741
-1.02893
-1.302
0.224329
2.78844
-2.41619
1.12516
-2.77074
-3.9234
-0.465835
-1.91812
1.64682
-0.615247
2.20523
-0.589797
0.373373
-1.85533
0.187542
-1.36772
-1.79179
-0.0878983
2.61444
7.10963
-0.518968
2.02762
0.659942
-4.22142
-0.46135
-4.42458
-4.60527
-0.358548
-4.40082
0.920186
0.704924
-0.015382
0.283676
0.546673
-3.33089
0.606452
-2.58381
4.62983
-0.673445
1.77396
-0.470558
0.344902
0.241728
3.93146
-0.520897
3.39417
-3.77447
0.546991
0.954455
-1.12473
-3.17604
-0.512544
-3.92957
-1.71585
0.778269
-0.251377
0.963481
4.92088
-0.372059
-2.78538
-0.688587
0.529156
4.53907
-1.63285
-1.83659
1.17088
1.59177
-0.0457262
-6.08582
-0.652377
-0.346546
1.82489
-4.78942
-0.535049
-0.531938
4.11834
1.634
4.14722
0.850068
0.50845
2.19274
0.303496
-1.02973
0.797088
-0.608593
-0.243273
-5.37096
1.16165
0.267109
-1.46918
0.491791
-2.29671
-0.396559
0.0301785
0.826277
-1.60684
0.30531
-2.93658
0.923086
0.314108
0.84738
-0.871273
-1.70024
3.60754
-2.21995
-0.0255355
-0.670821
-4.24878
-3.35543
1.8709
0.255669
-1.20787
-1.21582
-3.45349
-1.36533
5.48566
-2.72981
-3.98574
1.70023
-2.70912
-2.94161
1.36318
-0.727783
-2.28254
0.422589
0.859155
1.37997
0.199566
1.29285
-3.27329
1.07008
1.23287
1.28865
-0.815656
-0.587082
0.58641
-1.71108
-1.35528
3.11882
0.0882017
2.98053
0.552093
-1.16435
4.93203
1.09759
-0.724665
1.52805
3.00668
-0.865574
0.0141056
6.90159
-0.324144
0.977119
-0.346149
0.972478
0.484835
2.14936
-3.12
3.5756
-1.5114
-1.37435
0.69122
1.35581
3.80666
0.0471884
-1.11089
-1.20963
-2.38552
1.50442
3.79241
1.00834
0.481034
-2.36679
1.17186
-0.858535
-1.31002
-0.0985056
0.215435
-0.218721
1.37531
0.991024
0.701294
-0.035392
1.60737
-3.24234
1.00461
-0.306861
1.96125
-0.191796
-0.548623
-1.16386
-0.710999
7.45644
-0.527324
-0.91382
0.925977
0.113286
0.375101
1.66366
0.480125
4.34129
1.11502
-1.85432
3.42626
4.03668
-0.776626
-1.73148
-0.595465
2.38126
0.244461
-1.78251
0.134624
0.0202237
-1.00845
-1.06268
7.34114
0.25858
1.1341
-0.109299
0.511213
0.36957
1.50499
-3.48576
-0.69993
-3.77726
1.18348
0.589564
-0.512419
-0.0106675
1.34474
0.935894
-0.04385
-1.1657
-0.458626
-1.6984
3.03146
1.82962
3.31076
2.53301
-1.33012
-3.28985
2.96343
1.16722
-3.65603
1.93334
0.920516
-2.04392
-2.47857
0.584793
1.28153
2.01749
-1.65061
-4.64674
-0.647132
0.385954
2.70694
-3.61857
3.55916
1.28062
3.9779
0.956922
0.0926642
0.677912
-2.7608
0.877023
3.51556
2.1444
0.0360851
5.68281
-0.231825
-1.3951
0.405231
1.01083
4.158
-1.92077
0.476311
0.559941
-2.80616
0.338762
1.15722
-8.08383e-05
-0.471593
0.573475
0.459424
0.917411
-2.09589
0.775995
-0.500145
0.574529
-3.9429
1.8727
7.19196
1.21892
-0.681051
-0.0684356
-8.59326
-0.738084
2.78765
1.23155
-12
-0.457046
-5.3978
0.854745
-4.47481
-1.30693
3.60198
-6.13276
5.39657
-2.50722
-0.979887
1.63826
0.1001
3.28961
0.391527
2.30816
0.174632
-0.0364071
0.299165
4.13842
5.10317
1.19656
-2.94697
3.34883
-0.0676604
3.63086
-1.5193
-0.334523
-0.812408
-8.70839
-0.651208
-1.80544
2.84087
-1.29769
-0.342086
3.85769
5.56511
-1.28126
-6.43226
2.32505
-0.0739578
1.3074
2.14269
-5.29454
-2.49107
-3.00879
0.31325
-0.271448
-2.11983
7.23578
1.14928
-0.842028
-0.849378
5.51282
0.663731
0.0932496
0.0805454
2.22316
-0.384887
0.129825
-0.148492
-0.353254
1.0855
0.966187
-1.46302
0.786242
-2.17627
0.512612
-6.72345
2.16427
1.04089
-1.05771
4.42959
-1.7681
-1.14998
-3.99541
-2.47043
-1.11249
-4.70921
1.84475
-1.60837
0.417019
1.18356
0.376637
1.3589
-0.339783
-0.887275
-3.48108
1.23997
0.81429
-3.54693
-2.68991
-0.296049
-2.39149
-10.375
-3.38351
0.381724
5.0774
-3.54195
-0.711807
-2.62135
-1.62836
-4.55772
0.836472
0.967273
0.692043
3.05015
-2.03229
-1.24263
4.11001
-0.216619
-3.33991
-7.86347
3.12636
-0.582553
-1.09672
3.02765
1.60202
-6.8106
1.07168
-1.35905
-2.15994
-1.53393
0.25588
-4.3032
0.347401
-1.68556
0.174978
1.74419
1.77331
-1.35755
3.51367
0.203874
-1.45646
-0.721441
0.69854
-1.08261
-1.83735
0.372444
0.956013
2.52868
-1.86012
-2.73462
0.791355
-0.158219
0.465037
-0.842251
-1.20708
3.94233
-3.957
0.569333
0.534725
1.4051
4.11657
4.42317
2.57511
2.3304
1.79578
-1.32561
-0.0590635
-0.337086
1.73371
-0.807884
2.99668
-3.79725
1.29306
1.67624
-1.43497
-0.122631
4.90834
-0.319688
-8.42714
1.61451
1.86109
-2.57493
1.58348
0.0470949
4.19035
0.373259
7.209
-2.12441
2.38067
-3.16022
-6.29625
3.68638
-3.5034
1.64915
-3.0046
-1.61929
4.10401
4.66307
1.82895
-0.357755
0.584048
2.58393
-0.412804
-5.49056
-1.56024
1.85799
-0.230245
6.37688
-0.179974
-1.12141
0.588632
-3.47614
2.8799
4.77096
-0.10674
-2.17109
-2.35607
2.36961
-1.87555
-1.89655
-3.39948
-0.35601
-2.7447
4.2384
1.00996
2.30742
1.1091
2.56795
-1.55481
1.79705
0.083058
3.67645
-2.41867
3.65199
-0.765369
-1.18907
-1.1959
0.586859
-3.7433
-7.83833
0.192059
-2.06401
-0.25931
1.87498
-4.86394
-1.03785
1.81139
-4.51636
0.590835
0.392234
-3.55986
0.385465
-3.24436
1.22504
-1.57238
2.26312
-1.7308
-0.606021
-2.68114
-0.0606854
-0.033152
-1.81163
0.5796
-1.82912
0.737858
5.83484
-2.19004
1.52285
4.03647
-3.12523
1.88495
-4.37854
2.8509
-0.96107
-0.970441
0.50993
-5.74862
-4.30613
1.49103
0.787695
-3.19127
-1.85543
1.51059
5.92476
1.65151
3.31434
-0.0326223
4.98175
-3.33394
-5.77229
-0.602524
2.74307
-1.1253
0.789707
2.301
0.612931
-3.62755
-5.8367
4.96643
6.50005
1.87606
1.1417
0.138811
-1.80729
1.4584
2.11929
-3.53603
2.34038
0.627594
-0.780396
-2.32799
3.08228
-0.539777
-3.97976
-2.91048
-0.839796
-1.73898
-1.14845
-2.0481
3.61151
3.48477
-3.6572
-2.06738
0.0352974
-0.930792
-0.409322
-2.40837
-6.56922
-1.01662
1.46352
-5.11617
3.74215
1.0329
2.84157
-1.73414
3.07106
-4.05225
-1.46643
0.466243
-0.626615
-0.0199378
-0.517785
-0.772173
2.91151
3.39588
7.89973
-0.172238
-3.02922
-1.18009
0.933786
2.00169
-8.16738
0.6112
3.59808
0.714524
0.545342
0.562592
0.784844
-1.39882
1.75979
-1.84058
-15.4484
-2.26508
-0.378339
-0.970278
-3.35062
5.31724
3.71244
0.519978
-2.54509
-0.485681
1.63305
-5.94201
0.994437
2.70668
-0.0518883
2.65132
1.3815
0.814941
0.877322
-0.651617
0.324814
-9.3485
-0.437073
-1.43411
-0.756758
-0.0447637
-0.684259
-5.12446
6.4864
1.28166
-0.0937817
0.258265
2.09652
4.48023
-8.45835
-0.278681
-0.958382
3.35975
1.77167
-1.12154
-2.01622
-2.52143
3.6831
0.181102
10.6427
-0.969981
-7.65749
-0.067881
0.435755
2.43553
1.31254
0.783587
-1.12537
-1.92133
-2.28846
-1.36682
1.45751
-0.824164
2.78949
-1.42082
1.43606
-0.382482
0.99069
-3.29121
-3.08606
-2.40939
5.47411
-2.53659
2.05852
-4.88418
-1.01272
4.05339
-0.239544
-0.0810153
0.690705
-3.11711
4.81398
-3.47132
2.6571
4.10852
-2.6839
0.127528
7.49064
1.37838
-3.80071
-2.26997
-3.58
5.13043
-3.3388
-3.5474
-0.719861
-3.603
-1.30645
-0.594573
5.84013
0.243072
-0.033645
-1.5134
0.919666
-0.896013
-0.783965
-1.88596
0.504254
-2.99813
2.12992
2.06372
0.856682
0.675095
4.10045
0.411803
-0.207764
3.68461
-1.38381
-0.196647
-4.58682
-1.59015
4.9053
-3.7329
-1.79499
-0.219065
-2.95161
0.781281
-0.944284
-4.79843
-1.14385
-8.99859
1.5042
-2.19345
0.285711
-1.32597
-1.888
-0.155249
-0.642629
0.152385
-3.9394
0.431571
3.45956
4.04701
0.399062
-0.976671
-0.342087
1.7597
0.140931
-0.703594
2.32994
5.55648
0.191209
2.14476
0.251212
3.94789
-1.53366
4.91973
0.784168
0.650266
-0.190047
4.30163
0.191576
-0.104184
-6.1853
-5.75552
1.5856
-1.66101
4.53324
-1.58413
0.353188
0.803473
-1.43076
3.1544
-0.304655
-7.66366
2.29835
0.341136
-0.295417
5.69945
1.92614
-4.73491
2.15502
2.40149
2.0542
2.35255
2.42926
-4.13807
0.593465
-9.18053
2.11517
-0.329353
1.3147
3.18954
0.112065
-0.12783
2.81731
7.31797
1.38943
1.78569
-0.154152
0.573891
7.33269
-3.81047
-0.785505
-2.71341
3.50814
2.68766
-0.888021
-1.963
-2.33409
1.12887
-11.9759
-0.19322
2.87806
-3.19206
2.35282
-1.72078
0.365656
1.11884
1.65645
-2.15419
-0.290736
-1.33591
-0.639682
4.12226
0.859295
-1.52023
-1.63493
-4.70496
-1.07619
0.750238
-0.525313
-5.32862
-1.41815
0.238355
1.79615
1.34828
2.51568
6.19264
3.23345
0.251806
3.05226
3.1673
-1.73794
-2.39998
-0.115816
-6.08835
0.223125
0.359276
3.228
2.47329
-1.3308
-1.52545
0.926457
1.26286
-2.10993
1.53066
-0.030791
3.27079
14.5105
-2.25484
-0.00379392
3.02517
-3.83664
-1.42197
4.69523
-0.38509
1.03883
5.32182
-7.98268
-4.29838
0.721295
1.43172
2.08952
-0.668933
-0.0562343
-4.81955
-1.98819
0.656018
0.06249
-0.342092
-1.65688
-3.79267
0.146452
0.170179
-3.81986
-1.8657
-1.29477
3.77822
-0.272805
0.355528
-0.776695
-3.64527
-1.40408
0.629923
-0.278783
-1.13693
-2.14423
4.71441
-5.14537
1.93017
-2.7116
-2.61571
2.32896
-0.00024534
2.30648
-5.57683
-2.5125
10.0539
2.19927
-3.02549
1.4443
0.373694
1.2967
9.71595
4.07964
-3.11588
-2.46203
1.62339
-3.77317
0.618596
3.43277
0.313555
-1.17743
2.18863
-0.817498
0.175082
-0.482382
-2.14605
11.3578
3.06636
-0.743147
0.196388
5.93475
-3.04825
1.0382
3.70519
1.96762
1.77774
1.0803
-0.072435
-0.285168
4.47907
-0.119314
3.14936
-1.99193
-1.29692
0.899123
0.681248
-1.5466
-7.23229
-0.157333
2.94698
1.52898
-1.6957
-1.21165
-0.0482168
-0.705336
1.40222
-0.267071
1.26103
0.205647
-2.21744
2.37228
-2.54884
0.642684
-1.48971
-0.653291
-4.01047
-5.13591
0.272174
-0.876995
-0.866056
-1.69841
2.0554
-0.146849
2.44638
4.96266
0.775501
0.846607
4.31747
-2.29711
-0.746232
-0.493296
-0.356717
-1.02721
1.26829
-1.2426
-2.98101
2.83923
-0.714589
0.625189
-2.95111
1.67072
-0.797884
1.75979
-2.20611
-6.11397
-0.239927
4.57235
4.83916
4.91348
0.158938
-5.95228
-0.083668
1.01741
0.487173
5.30507
-2.55514
-2.56699
0.301093
0.0496109
6.16267
-1.48489
0.263766
2.18915
1.16713
-0.225723
0.192987
1.18193
3.79817
-0.820268
-3.8669
2.88776
6.37718
-2.8584
-1.32348
-0.407873
0.502964
-0.756361
-5.65409
3.64856
1.76606
3.41701
0.935473
-6.86332
-0.341013
3.64043
-4.25398
-2.26637
0.343989
-0.642472
-0.076514
0.886223
-0.845077
3.33672
1.1221
-1.72452
-1.45667
0.561968
-0.693461
2.50902
-2.50097
-3.978
0.249977
-2.90511
-2.23004
2.56566
-1.11918
-1.57525
4.20274
-0.118732
-2.33771
0.410794
-2.64469
-5.32782
5.23585
-3.76959
-2.45427
-2.32299
0.448571
6.83089
-6.06881
-0.0903184
0.180802
-0.698219
0.712379
0.36294
-0.00999291
-0.246826
-3.01227
-0.662151
1.94436
-0.665121
0.526879
1.67448
1.04954
-2.0688
3.62918
0.385832
-0.786578
-6.91115
0.0475568
-1.24294
2.77378
-3.28412
0.578417
-1.67289
-1.59358
-5.76916
-3.24495
1.12268
3.87763
4.79164
6.88615
0.815582
0.662686
-0.279264
-4.03361
2.84807
0.616962
-0.127332
-0.677202
-4.21181
-3.59531
0.505843
-1.53773
-4.4009
-0.350551
-0.138772
0.644248
-7.72964
-2.63623
-0.539172
-0.586316
0.663692
-1.78467
-0.323496
-0.178548
0.350718
-2.56761
-0.0267147
0.77375
0.653356
4.46441
-0.537061
-0.764301
-5.66921
-1.1875
-4.98814
-2.99846
-2.02287
-4.75084
0.867792
-0.0844351
1.13872
0.441211
0.485808
-0.621811
-0.990091
0.448017
5.57677
-3.51628
-1.63076
0.3244
1.05474
-4.17869
0.614736
1.22605
-2.97955
7.29051
1.81223
1.5703
-2.38982
0.264235
-0.459293
2.19986
0.745487
-5.71367
2.86642
-2.74343
-4.02373
-2.00424
-0.601304
3.23594
-1.21091
-1.07267
-0.315397
4.91314
0.974168
-0.433844
0.258473
-1.48754
-1.82377
0.0583664
-1.39662
1.03335
-2.22402
-4.41341
-0.430996
-7.57085
-0.841806
-0.170094
-2.20193
-1.62498
-2.31191
2.48281
-3.93046
-0.167059
0.712042
-6.33156
-0.926259
-1.66725
-1.10356
2.09742
-1.07242
2.99925
1.93495
-0.583948
-2.42715
1.25375
1.15553
3.21369
0.830593
-8.715
3.98365
-3.63299
-0.257391
0.859896
-1.35526
-0.332183
-3.04246
-0.437856
0.624441
-4.5952
-4.09534
-0.032114
0.0101143
-1.52023
9.28166
-1.82439
-0.958485
-4.31956
-0.177109
-6.07781
-1.76001
0.458169
6.83426
1.12568
0.798146
3.5051
1.24466
0.776927
-6.7663
-1.45373
0.817766
0.752205
-3.76029
-0.415897
1.14099
-1.63175
-1.31345
1.93142
0.625793
-0.310308
-4.99293
9.66322
0.167838
0.38039
-3.86631
-0.62996
0.894549
1.57749
-6.3508
2.30424
-0.866728
-3.41127
1.93338
-1.77239
1.06948
1.69764
1.13298
0.817368
-0.946598
-1.0803
-2.04884
0.721827
-2.21044
1.91548
-0.571622
-0.171833
-0.221367
-0.183868
-0.731884
-0.647449
-2.69123
2.83644
-2.39523
1.80861
0.592067
-1.86335
0.0417923
-3.86892
0.250226
-0.638822
0.701509
-0.0567363
1.48035
2.57824
1.97793
-1.90267
0.314021
-8.0703
-7.06673
-0.20624
-0.270457
0.181256
1.81301
-2.22775
1.9968
-0.695985
5.14657
-1.32738
3.34904
0.985739
-2.19611
1.83772
-4.40715
-0.893881
-0.507746
3.89102
-2.03711
-1.12798
-5.52589
2.52727
3.57895
-0.0604558
0.205772
1.91791
-2.58701
0.19964
-1.61253
1.05645
-2.28234
12.2814
-4.97451
3.37523
-11.3049
1.991
0.253337
3.1246
-1.77307
-2.09501
1.22149
0.0456765
4.6463
-0.795034
0.490294
-2.20625
1.29143
-2.2865
-0.238247
-1.44456
-2.94667
-0.158738
-1.4067
-4.99704
1.15015
-1.82899
-1.57208
-6.30489
-1.05187
1.05139
7.03566
-1.12333
-1.9201
3.27811
-0.869957
4.07138
-0.739103
0.66442
-2.60386
-5.59452
-3.01906
-3.94012
-1.2289
2.72674
-0.200199
-4.69179
-0.150867
-0.5319
-0.50001
4.27222
0.763458
0.0390018
2.31531
2.32865
1.71996
2.35981
-4.49287
1.05699
-1.81407
12.8082
-0.20351
0.109402
-2.10371
2.3723
-0.0368405
-1.6824
1.51138
-1.75609
0.291265
-4.43754
-0.362375
-5.18634
-2.31175
-0.307834
-3.11846
-2.02366
-0.432167
1.28767
0.102857
-1.11328
-2.82059
0.432616
5.57693
0.836507
4.49809
1.55891
0.47752
2.7948
-0.10399
4.40335
2.61267
1.17311
0.967127
-1.68706
-0.00471114
-0.383799
-0.0197115
1.05187
-0.0747687
-0.674962
2.86974
-0.419746
-1.47709
3.21655
-0.231185
-0.0657978
0.105976
0.0824037
-0.752601
2.42936
1.7562
1.16209
-1.17974
2.51778
3.10803
0.414376
-0.163664
0.614628
-3.90496
0.995101
0.520949
-2.90225
-4.76237
1.84839
0.293275
8.58785
0.951014
-4.66077
-0.513693
-0.303942
-1.00405
-1.28591
0.866044
-1.81678
3.69905
-0.754151
1.17137
2.24418
1.44125
-0.666876
0.507276
1.53859
2.92921
-3.76752
0.776373
1.46813
-0.997367
-0.455365
0.00554024
-0.00719935
-0.0548056
1.01474
2.84284
-0.780027
0.220227
-7.57469
-0.733654
1.44772
0.834489
-2.96832
-0.424346
-0.480354
-1.88602
-2.12702
1.27294
2.60104
1.47738
-1.34127
-0.440357
-0.769968
-3.79974
3.35865
-0.694871
0.324734
-1.73765
-1.71815
1.24737
2.88652
-0.0419237
-0.096701
4.54534
-2.49412
0.152589
0.097675
-0.336251
1.40241
2.48767
2.54635
-2.41049
1.73086
1.29561
-2.50424
-3.25474
0.179554
-2.36742
2.47052
-1.03808
0.606059
0.904954
-0.0680726
-4.54794
-1.15961
-1.35457
1.00338
1.20778
0.105845
0.0776721
-1.35603
2.93691
-10.5905
2.53467
6.12186
-2.30306
-2.96138
-1.26874
0.35652
-0.711566
-0.89185
-7.62177
3.26999
2.37978
0.0914389
1.39145
-3.70041
-1.02456
2.70635
-0.0903025
0.8672
-0.160569
0.29022
-2.86611
-0.80533
0.223258
-1.87745
-3.75569
2.99245
-0.805588
-2.74148
2.00955
2.98374
0.177192
-1.04448
0.613617
2.44459
2.80921
-0.0516644
1.49944
-1.89975
1.52084
1.52252
1.58527
-0.962987
1.58757
2.39972
-0.14053
-7.06692
-1.47965
-0.301357
0.430183
-0.138345
-6.16132
-1.04025
2.91114
-1.53519
-0.837933
2.97478
0.15351
0.650061
3.04993
0.487412
-2.33676
0.674381
-2.1245
-0.351994
0.94834
0.776546
0.226105
-0.012008
-3.37752
-2.47621
2.54971
1.27144
8.38093
2.92275
1.08417
2.47066
-4.3015
0.270025
0.332697
0.558292
0.265792
-0.714642
-2.95574
-0.349793
-9.61542
2.985
1.80455
1.44332
0.998217
-0.473702
5.44091
0.683542
-0.726701
-2.23825
-2.53449
0.488922
4.58567
0.0594699
-1.35305
1.66123
-3.65532
6.28755
2.10475
-0.691574
-0.816874
2.66206
0.62978
3.17762
-0.94508
-0.770774
-0.470121
-2.65392
-1.46903
0.692002
-2.04447
0.867652
0.114641
0.597711
-2.50388
-2.52126
0.122468
-0.2722
-1.38965
-0.371002
1.05031
-1.1179
0.0813136
-4.26297
4.33363
0.72234
-3.66242
-2.71029
1.06354
1.72378
-6.37567
0.821255
3.55844
3.83756
5.28728
-2.94461
-0.385194
-2.55999
3.67367
5.02622
-2.35759
-1.6885
-0.429905
0.948359
-3.33845
0.286671
-1.59446
-0.745218
2.13375
-0.88101
-4.35321
7.74241
0.757332
-0.73913
0.682799
-2.91988
0.426436
2.79387
-1.7355
0.869549
-1.91171
0.119851
-0.35549
-2.78791
0.667557
0.850309
0.995008
3.09979
-0.746337
1.16839
3.61456
6.6681
0.254424
-4.31773
-1.05942
4.36472
-1.18441
-1.60956
-1.038
-2.15243
-6.53103
5.85328
8.29921
1.14548
0.557591
-0.571996
5.02732
2.52076
-0.294635
-0.251728
-3.52457
-2.18844
-0.297959
-0.150469
1.61581
-1.55465
2.96334
-7.66906
4.66751
0.532315
-7.54667
-0.702176
-6.42357
-1.81562
-1.05863
-6.18282
-0.605804
-4.65836
-0.811951
-0.851777
-2.50609
-2.61744
1.40149
-0.0580869
-3.01518
-0.103371
-0.586409
-5.5379
-0.683873
-5.60497
-0.997964
1.38759
-2.2926
-2.39267
1.74561
1.51431
-2.77299
2.08255
-3.66285
-0.438283
0.517733
1.46124
-0.53683
-1.77099
-0.189727
-0.957084
-1.81853
3.41737
-2.06892
-4.73904
0.905529
0.177364
-1.53558
-0.384275
0.676039
1.96305
3.23288
-1.05624
-1.2678
-0.274623
-4.061
2.01639
1.36963
3.83339
-1.90536
-0.781863
0.0358134
-3.2929
4.77792
2.30849
-1.21374
3.01
-0.107003
-1.61423
-1.03361
-1.95888
2.94237
1.41327
3.96461
0.867246
0.197462
0.729797
-0.897367
-0.902893
1.04418
1.32703
0.310511
0.835926
-1.75554
0.940567
0.258261
1.9
-2.85634
2.13309
-1.00171
-0.060371
-0.230336
-2.41346
-5.94886
2.32027
-0.138618
-0.825035
-1.27725
-5.95151
0.0146401
-1.12293
1.8184
-2.05597
-4.06329
-2.82837
-6.96607
0.0277672
0.268412
-6.12244
-1.47227
-1.63584
-0.176932
-1.76496
-0.890398
0.657706
-0.791675
-0.595784
3.47081
3.89319
-1.95217
-1.0097
0.906703
-3.64995
-0.592595
-0.544043
-0.0978818
-1.19396
-1.22054
2.3387
-1.15519
-1.03303
2.21048
-0.589863
1.57239
0.43598
2.43665
-0.214721
3.34814
-0.25982
4.10389
-1.92841
-4.35606
-1.4989
6.00286
-1.30107
1.22549
1.06874
-0.664758
6.93521
-1.41426
4.35916
-0.852627
3.31851
-0.0918208
-6.86498
-1.08266
-0.453765
-0.370332
6.10538
0.0691236
1.15339
-2.91745
4.41206
-2.93756
-4.73287
-4.63674
1.16352
3.54131
-1.07844
3.12105
3.50381
1.6263
-4.06701
0.406026
0.436701
0.825789
1.87858
-0.239426
4.18336
-7.70136
-0.0972083
3.01806
-2.18065
-4.38182
0.729041
-0.142595
2.61028
-0.722162
1.413
-2.66906
-1.46209
1.32071
0.104304
1.39648
-1.30665
-12.8844
-0.909817
-0.399914
-0.998611
3.67006
3.19437
-0.509764
1.13589
3.87911
-0.630825
-1.05502
-1.00176
-4.41928
-2.24084
-0.174095
-6.20418
-8.87348
2.10369
0.570505
9.29379
3.44087
-1.67025
-0.845893
0.978061
1.97488
2.44308
0.0980673
-1.29723
-0.276178
0.712522
-8.91417
2.6581
2.13608
2.34803
-5.969
1.87918
8.56647
4.28091
-0.890461
-0.809141
-3.46088
5.02695
0.54048
0.266141
-1.24976
4.46696
1.40233
-2.20983
0.704389
0.226228
-1.92648
-0.600502
5.37895
0.230894
-0.397617
-2.93758
0.798968
-0.136695
1.2761
0.60833
0.673568
0.0234783
0.132143
-2.32145
1.68253
1.4849
-1.38432
-2.34836
5.31659
0.237216
-0.663646
0.552456
-0.888612
1.52163
2.11022
-1.25822
0.564758
1.5725
2.85151
-0.408518
-0.715748
-0.186628
2.24577
1.25644
-0.17361
0.347217
-0.188196
0.391685
-2.3988
-0.67548
1.76784
0.279317
-3.28895
-0.457109
-1.22934
0.172471
4.41139
-8.75646
-4.53412
0.26048
1.91566
-1.012
-3.62015
-0.0690534
1.20329
-3.15374
-6.23258
0.0577115
3.88268
0.295925
-0.12661
6.74409
-7.73288
0.151198
0.184996
-0.332541
0.41526
5.95865
-0.448682
6.92013
18.1037
-1.2283
1.17139
-3.10251
-0.494788
-0.321832
-1.25993
-1.51668
0.573722
-1.53588
1.35831
-0.449823
0.583332
-0.895589
-3.53447
-0.183922
-2.1137
-2.01129
-0.513474
7.25893
-1.48762
-0.765444
-2.03393
1.14285
-3.91439
3.50819
-0.687089
2.65914
-0.0234102
-1.52564
2.34577
1.24674
-0.746812
0.757103
0.95586
-3.28374
-2.06225
1.48985
-0.519118
1.66564
0.672921
1.61324
9.83672
0.499156
-2.04857
-0.659275
-0.14847
3.25853
3.32547
3.88224
4.18683
-2.27472
-2.00525
0.390108
-0.620478
1.28399
3.40021
4.86644
-0.147329
1.54995
-1.96464
8.98383
3.74143
1.33848
-1.77362
0.581699
0.505344
-1.02089
-0.140653
-0.177882
-1.62083
2.1172
0.116795
-3.38723
-1.1865
1.36088
1.63986
0.898025
3.8116
-1.32358
-0.0483762
-0.699375
1.83727
-2.11533
-2.01219
-7.52444
-0.0519272
-1.64204
2.1185
6.27825
-0.336721
0.135276
-1.59939
-2.93668
-0.445579
-0.0200534
-2.68113
7.33534
0.603004
1.82393
1.50129
-3.97964
-0.853558
-2.49092
-2.08068
-0.766608
2.29655
7.75013
1.79196
2.03112
-2.16966
-2.75863
-0.106892
-0.213802
7.4943
-0.813027
2.44429
-2.05526
0.682727
-13.0263
1.71718
-2.09919
-1.25804
-8.05012
6.20402
-2.42353
-4.20339
0.6287
3.68152
-1.17191
-9.13905
1.59998
1.23953
0.121612
-5.85304
0.517349
1.50438
-0.214658
2.55389
-4.62253
-2.25921
2.10864
1.33785
-6.36526
3.77836
-9.96159
0.511143
0.691187
-1.27728
0.325989
-0.468622
0.108489
-1.85014
-0.7219
-0.541595
-4.58278
1.56562
-1.21253
0.869447
1.7751
5.48709
0.486841
4.72738
5.76742
-0.581486
0.538911
-0.0627712
0.218366
3.39423
2.23062
5.40431
0.373685
-5.24626
-3.19408
1.1146
4.41576
1.92022
4.43291
-0.25797
-2.08549
-0.468499
0.843476
-0.882984
1.37726
-1.62818
-2.71947
5.81174
-0.621913
-6.19245
0.300765
-0.883194
0.350644
3.1496
-1.37842
2.41448
-0.209249
1.11623
0.509666
0.244951
2.24386
0.627497
-1.58171
2.23623
-4.79457
-6.03511
-0.0473424
-0.673552
-4.51134
0.934943
0.22723
-0.0242951
-2.1535
-0.303787
1.31521
-0.137017
-2.23626
-2.93902
4.46332
-2.40655
0.664615
-1.39912
2.19286
-3.01326
1.05307
0.347871
-0.379226
2.91272
-4.39235
-6.17695
3.98128
1.99908
0.0150375
-1.06341
-2.26999
7.96618
1.6471
1.74698
-2.24613
-1.57759
-0.469225
4.54062
1.33717
-0.260146
0.638127
-3.06197
-1.0375
4.78096
-1.41243
0.0682841
-0.440643
2.19737
-1.06435
0.338293
-2.54968
6.81963
0.547665
-0.910525
-0.766622
0.907666
-0.507456
-1.44661
0.484087
-1.8649
-0.89816
3.8592
-0.372695
-3.94913
0.816906
4.14275
-2.00875
-1.18527
2.35708
0.655043
-4.73051
1.19766
2.62682
-0.87863
3.6855
-0.599271
-0.350404
0.337546
0.881322
1.78789
0.680511
-0.215879
-2.14919
0.182651
0.307755
-2.62884
0.755984
-1.13377
-5.21799
0.583738
1.13332
-1.06162
0.165381
-1.39736
1.76708
-0.27761
-0.488563
-5.61982
-0.935767
-0.122615
-7.4276
-0.302658
-0.293529
-1.55541
-2.90554
-1.56606
-6.04676
-1.77024
1.9123
-1.0875
-2.52973
4.57504
3.56853
-1.05056
-0.840316
2.18052
0.167128
-0.859205
1.2152
0.102621
8.92802
1.79847
0.447387
1.94574
2.41089
0.920366
-0.88911
5.42742
4.18451
-1.02167
0.680354
-0.769462
-0.255747
-1.20396
-2.58931
0.0710694
1.81879
-1.36277
-0.630589
0.385771
-0.595706
-1.22177
-1.72417
1.3663
1.45771
-5.55434
-0.154619
4.67263
0.279908
0.316968
-3.86264
-1.20455
1.84354
2.8837
-0.0829071
-2.42391
-0.659531
2.1045
2.15244
-0.915632
0.325506
-0.195066
0.269558
3.50624
1.06232
-3.24745
0.730551
-2.88671
1.76993
0.398908
-1.48602
1.67546
-0.14025
-3.75971
0.393408
-1.43159
-0.0450559
0.268831
0.231711
4.12817
0.528934
2.47643
-0.524619
3.68088
-0.364022
-7.41444
1.33872
-0.649486
-1.20759
-2.63011
-0.0723508
2.01972
0.878582
-5.88382
-0.814624
7.14174
-1.78597
0.999948
0.0410634
-3.00912
1.67885
-1.5576
0.115086
0.653812
6.35597
0.502687
0.297609
-4.74353
-0.811774
1.14741
0.460599
0.134967
3.29221
2.41713
2.59196
-0.511547
0.711632
1.20655
-2.34634
-0.199801
2.95225
2.9149
0.82836
-0.893492
-2.11552
0.912163
0.83944
0.864993
-2.65825
-1.79256
-0.980227
0.135028
2.35506
-0.0228881
-1.79664
0.673653
-4.06383
-7.50876
0.225996
0.511294
-2.94908
0.24691
-1.73139
1.10946
-5.47089
-0.741717
1.15336
3.50477
1.80161
0.397761
1.20612
3.24806
1.50564
0.87424
3.72033
-1.02456
1.69745
-0.976694
-0.596775
-2.06896
-0.932451
0.724615
3.00879
-0.954694
-5.19133
-2.53445
-3.13985
-0.698831
-0.414221
2.79922
1.14672
-1.27454
0.621779
-2.88095
-6.10413
-3.03404
-1.32738
1.79775
2.06615
-2.26314
-0.262895
-0.927844
-3.21235
-6.15098
2.77609
-0.336732
-0.900503
-0.702572
-0.285697
0.968755
0.256547
-2.37765
0.654284
1.37822
-5.52591
-0.105182
-0.0361269
-1.18147
-0.24886
2.42452
2.48322
0.0362167
-0.794696
-0.0250535
1.51483
-4.32946
-0.573723
3.10012
2.59362
-0.870417
1.56405
-9.28335
-1.00467
5.22438
0.705108
0.531208
-0.272246
1.6763
-2.19448
0.0987233
0.0574535
-0.903178
2.98415
-1.85894
-0.736333
0.664501
1.92792
0.0516387
-0.373599
9.6044
-0.0748942
0.0249827
-2.52529
-0.280419
8.91834
2.04666
5.04136
-0.91617
1.68994
-0.191227
-1.65684
1.50218
2.4635
0.0370949
-2.54566
-2.52533
0.938189
0.720665
-0.245826
-1.20621
0.0872627
0.38135
1.50779
-0.907489
1.07377
-5.38579
3.14484
0.248871
-7.88951
-4.59753
3.18442
-1.46443
1.88218
2.27736
0.0987235
0.933013
0.21091
-2.86534
-0.263142
0.305974
1.54365
-0.0462669
-3.44003
1.24401
-2.84604
-0.615671
-1.87736
-3.35306
0.877249
3.41581
-1.4453
1.13535
1.67518
1.02125
-1.50566
0.915181
-0.154606
2.49977
-2.70619
1.67117
0.158564
1.28771
0.557575
-3.33916
0.885098
-3.76907
-0.534927
-5.01734
0.135755
-2.91663
0.847652
-1.58076
-0.0942132
4.22935
1.51019
0.457935
7.62241
-2.1895
1.22534
-0.450622
-1.12589
-0.592834
7.99935
2.06463
-1.21098
-0.142652
1.8384
0.0687129
-0.133888
1.20775
-3.19651
-0.424255
1.61127
1.01386
0.232183
2.48923
3.02275
-2.1327
0.879655
0.190122
-1.76633
-1.40755
-1.62536
-5.55238
4.8131
1.61776
-0.584508
0.337879
0.383658
0.314241
-3.51438
-9.92157
-6.1016
3.08989
-2.82727
2.71805
1.02012
-3.79212
1.12612
-0.462123
-0.106969
-0.183034
2.09315
0.595968
2.34989
-0.261763
2.56875
1.09968
2.66605
0.337253
1.84223
0.107405
0.194219
0.610221
-2.38087
0.0194452
-0.268609
-0.0444409
2.68738
2.37054
1.01733
-0.288273
-3.95988
-1.23563
-8.73068
-3.21766
2.11572
3.88964
-2.20987
2.81006
0.96741
3.72498
0.660065
1.76674
0.558546
2.6961
-3.69363
-1.83244
0.345707
0.69837
1.96746
0.747293
-0.0697104
1.08038
-1.03863
-1.44679
-10.994
0.472304
-3.12462
0.0778026
3.48019
-0.0353561
-1.56057
-2.14873
-1.2109
-0.576816
0.738894
-1.07094
1.60754
-2.73857
1.49195
0.635631
-1.09184
-2.37715
0.970564
-1.12364
-0.316769
-2.01343
-0.0287731
2.35243
2.12517
-1.04896
-2.14493
-2.54175
-1.10409
-1.12454
0.132683
-2.00446
3.13668
2.22318
3.36515
0.290647
-0.0461676
0.218269
-0.452267
4.51264
1.88963
-0.947821
-0.21891
0.554493
2.92288
-2.98098
2.32959
-0.754223
-1.76711
-1.44607
-0.766114
0.15056
2.56969
-1.54247
3.85755
-1.89402
1.0167
2.14777
-6.03519
0.0919882
0.764867
0.811538
1.77369
-0.173213
-0.0764228
1.95765
0.38845
-1.61322
-1.67693
-0.217249
1.40568
-1.01051
-1.05312
-1.65133
0.00172861
-2.57147
-1.72853
0.661104
0.357256
1.6605
0.42854
2.23308
3.59397
-6.11198
1.88166
-1.08926
-1.92533
-0.539145
1.37367
-0.345513
3.71841
-1.10621
0.432858
1.87885
-0.561532
-2.13318
-3.29461
-1.55011
-2.82154
3.77934
0.568067
-1.14813
2.26929
-0.76673
-1.16928
1.25465
-1.88462
1.36656
0.136432
-1.15056
0.671546
-1.87584
1.83361
1.59804
-3.2841
1.78588
1.04733
-2.12491
-1.13505
0.871414
-1.4687
1.34614
-0.0693984
-0.499089
1.58906
-0.786277
2.73175
3.38515
0.82923
-1.0076
0.401299
-0.0163918
0.588187
1.71991
-2.71545
2.45635
-3.11604
-0.962412
-2.9935
-0.817923
-1.20093
-0.098038
0.981944
0.633392
0.746391
-0.939164
2.15357
1.30041
-3.50339
-1.5656
3.25779
-2.33327
-5.4291
-0.0307007
-2.86091
-0.337281
-0.539956
2.2347
3.07972
-4.36168
-0.395827
-2.01577
-2.4118
-3.29981
0.143806
-4.27514
-0.11975
2.11219
-2.63546
2.38635
-3.45587
0.189986
-0.32078
0.388244
1.45465
-1.00812
2.30522
-0.824056
3.40206
-7.01027
0.286583
0.149551
-2.52089
-3.63487
0.936791
3.06708
-0.196508
0.259601
-2.78456
-0.016675
1.98191
1.11776
0.409591
-0.241793
-2.14386
0.457409
2.33138
0.118772
0.42854
-0.540512
1.92873
-1.52933
-3.18451
2.17081
2.76331
-1.72894
-3.16733
-6.40597
0.276565
0.993297
0.377699
4.62993
-0.545475
0.257554
8.21924
-1.47915
1.27474
0.00359669
2.39513
-3.40663
8.28169
-1.98437
-0.15439
-0.290862
1.84961
-0.0681316
1.42382
-0.0492581
-1.19063
-2.73161
0.00314403
-3.1598
0.498669
-4.98315
-0.126895
-5.10429
0.0151369
-2.20639
-1.77287
1.99196
0.454931
3.84011
-1.92466
2.3621
-4.3836
-1.56885
0.710304
0.528191
0.0481993
-2.24036
-1.81712
2.02627
5.16303
0.92355
7.32656
-2.77097
-0.462915
-0.515733
0.753404
1.69321
-1.73791
-5.34691
-0.681722
0.000115833
-0.0668232
-2.72031
-1.6396
1.35452
-0.289792
-3.23817
-0.633234
-0.606297
1.27111
-0.802894
-0.050023
-1.07385
-0.805763
-0.150818
2.62881
-2.86119
2.79211
-6.61948
-5.40206
-0.0322207
1.97628
-2.20746
-3.27506
-2.43653
-0.578854
6.03826
0.434062
0.703483
-1.76425
1.10561
0.176576
-0.333327
0.517382
-0.105262
-0.748171
2.16622
3.03787
1.16428
0.0881894
0.606205
-1.28202
-0.0296275
0.0711428
-1.26611
-0.14686
1.14326
7.88958
0.0405215
0.959149
-0.460956
0.244112
-2.36659
1.51188
-1.48162
0.577635
4.22726
-4.70686
-0.17838
-5.2212
4.59159
-2.62269
-0.858175
1.30253
2.30965
3.50265
-1.51943
-0.904073
-0.150771
-1.26096
2.905
-2.01915
4.48151
0.293472
-1.17426
1.84351
4.08645
1.57291
4.32913
0.56314
-0.202477
0.34385
-2.6072
-1.23912
-2.85875
1.73111
0.554966
3.29361
1.81444
1.93645
3.23183
-3.56674
-6.68591
-3.43332
-0.429333
1.65372
-0.966705
3.20976
1.36349
1.22785
1.30447
2.53217
-5.53348
-0.44529
0.397781
-0.420223
-0.36959
-1.40187
0.349872
2.74707
-1.07612
4.22922
-2.64408
-2.45435
-3.91744
-1.85951
-0.0412388
-2.39037
-3.98352
0.830723
0.0901487
-0.467073
4.06351
-5.59847
0.986146
-2.86423
4.5504
3.09597
-4.16215
1.6916
-1.53301
0.729969
-0.388555
-4.34528
-2.07206
-1.73189
5.30547
-2.16662
-3.69914
-0.865204
0.457823
1.7274
-0.795502
-1.47603
2.34394
-0.00437813
-1.91752
1.22532
-0.928065
-0.907727
2.02359
0.0467515
1.07174
0.613566
3.85376
-2.49618
-0.385692
1.17113
-2.80411
1.27071
0.948915
-3.87408
0.410956
-0.0172203
2.52543
-1.97704
-1.05794
-0.293847
1.06895
-3.96943
1.5633
-1.32517
2.45172
-4.69373
-1.33701
0.168352
-0.0120677
0.867318
-1.22039
0.538717
-15.9286
0.0736037
-2.06301
0.0706484
-2.33809
0.711216
2.60306
-1.56851
0.957324
0.775205
-1.4778
-2.06873
-0.699006
0.638217
0.327832
-1.65555
1.09981
-0.51111
-9.4421
-1.79814
2.09144
1.19875
1.3246
-1.84658
0.855817
0.727789
3.21307
4.32813
-3.94138
2.47741
-0.655629
-0.221982
-0.0150842
-1.46001
-5.98703
-1.77617
-0.314281
-0.445653
0.212838
0.457444
6.2102
2.26082
-1.75187
-1.82725
2.40756
1.93074
-0.107345
0.353427
1.041
-2.70654
-1.6172
-0.547929
-1.42428
-0.948246
1.46314
10.7431
-0.0645804
-1.83914
2.28879
4.55029
0.84232
1.48837
1.32286
-1.06256
-3.62197
-1.1629
0.759139
-1.04262
2.17513
-0.0293596
-2.19668
0.232729
7.42328
-0.424886
-1.74801
1.23383
-1.90018
3.09019
3.32418
3.69406
1.17387
0.13842
-1.70967
-1.44575
0.800939
-1.61874
3.22919
-0.745451
-2.01816
2.69816
1.99569
-0.478776
2.73931
3.05407
-0.488735
3.46868
-0.0272963
-3.61269
1.67487
-1.27786
-0.0674402
1.44614
-0.67218
3.02131
0.174568
1.2764
-0.118894
1.25893
1.15759
1.45913
-0.252678
-1.88012
7.77071
0.693554
1.71872
-1.0216
-0.218064
2.09486
1.42536
2.46157
0.870101
3.51007
-1.26599
-10.2329
0.761156
0.113252
1.13609
0.410706
1.47113
-1.5413
2.00288
-2.59344
-6.75062
-2.01691
1.38584
3.87438
-2.21079
1.9862
-0.684689
0.0996433
3.11041
-0.0545244
2.55035
-13.4403
2.01634
-7.55913
-6.50618
2.26645
-1.70383
-0.70605
0.223127
1.8433
5.53794
-4.66826
-0.761023
3.12666
1.20503
-0.63255
-3.6208
0.662637
-1.18928
6.15102
5.34513
5.59781
-4.26507
-4.05279
4.36461
1.62324
0.237023
0.189898
-1.07819
2.86595
2.41086
3.07089
-0.0514411
3.62304
-0.521647
-0.0898139
3.1187
0.0396803
0.292871
-0.278331
6.51397
-1.11751
5.88005
1.08403
0.313542
0.0346483
-1.34766
1.55563
-2.76712
0.990215
-0.19029
1.65941
-0.443695
4.46847
-2.37515
1.73452
-0.129885
-3.44786
1.24195
-3.74021
3.21194
0.14562
3.70738
2.45951
-1.26149
-1.19957
-1.89583
9.14729
2.77441
3.74577
-0.748639
-0.55265
-0.0651145
-0.667318
-1.0301
-0.642916
0.0740186
0.440298
-3.67172
-5.08191
-5.45938
-5.05846
2.1035
-0.226229
-0.466546
4.72192
6.08777
-9.38277
-2.44016
-2.79194
5.53118
-2.6746
0.736234
0.74327
-0.429546
-0.594789
0.557809
2.1384
1.25681
0.362321
-1.84619
0.551943
3.44908
3.23198
1.36259
1.69877
1.09173
0.909019
-1.17862
-1.36423
3.20099
1.7175
0.872544
0.424816
-0.517405
0.214916
-7.93804
-3.56241
-4.20335
-0.730769
0.087423
-1.89257
0.555629
4.28295
-0.186543
-0.360724
-3.58505
-5.18203
3.91111
-2.3547
1.28886
1.32914
0.0964394
-1.17129
-1.08421
1.01362
-4.31157
0.928524
-3.41037
-2.34479
-8.76789
-1.90988
1.20564
-6.39957
-0.339857
-0.284038
-0.0233723
0.824727
1.50321
6.87202
1.38398
0.554016
2.5582
-5.27008
2.93739
2.38485
2.10213
1.06476
-0.158548
-1.26583
-4.47654
0.325149
-0.172396
5.29665
4.25019
0.649912
0.848452
-0.631789
-0.199519
2.04209
-1.01895
-1.52582
0.861267
2.14451
-3.68277
3.00556
7.02901
-0.116263
-0.425179
-1.6066
-13.1832
0.895468
0.87323
-3.18719
1.86087
4.32678
3.72027
-1.49451
-1.92685
4.63625
1.49412
2.44475
0.920974
-0.108653
-9.02074
0.0546439
1.55856
1.50059
-0.381203
1.62196
-2.55043
2.43785
-1.49341
-0.59893
0.366653
4.06923
-9.9574
1.10406
2.4402
1.59757
1.33497
4.26908
-0.229869
-3.38654
2.68178
1.25293
-0.718946
1.42379
1.58742
-0.371272
2.14847
0.791522
1.42474
1.34561
-0.810319
0.590529
1.43816
-0.29513
2.56134
2.07325
-3.37598
0.609116
-2.9272
0.773673
0.128998
-1.27038
1.35398
-4.36561
5.84082
3.51726
-4.57599
1.31754
-5.25073
0.284616
1.10011
2.66628
-1.62541
-2.43006
5.66019
3.92551
4.95475
3.99577
2.59784
1.48834
0.777605
3.81115
0.201972
2.17808
6.14128
-0.968865
-2.12756
0.0887537
-0.869439
-0.749932
0.885003
-1.09667
0.518302
0.534536
0.115216
0.977137
2.27745
1.0979
-3.18735
-3.9719
-0.327134
-3.22166
-1.51153
1.05882
0.095485
-0.0307967
-1.28109
3.67183
-5.85338
-1.24017
0.37276
-0.710125
3.57823
-5.29739
-0.676739
-2.72351
-0.408111
3.55128
-0.540965
0.123759
1.84602
-0.62102
2.52588
1.45119
-3.6272
-0.437314
0.132915
-3.92501
-0.408461
-7.4539
-3.59654
10.5594
5.8564
2.24219
0.847574
-5.24126
-1.2582
-0.499648
1.88577
-0.440189
0.0162061
-0.233887
-1.21473
-0.0383593
0.841834
-1.38041
0.0380848
-0.566026
0.0800904
-0.714039
-2.72816
0.188522
0.935562
-0.421481
-1.83481
-1.56129
2.14108
-0.324413
-1.73233
-0.323608
1.72333
0.524711
3.79368
2.78231
-3.59234
-2.61043
9.00191
2.76838
1.11332
-0.418998
-5.79555
0.22301
-0.675436
1.54996
-1.48624
1.10152
-3.42157
-7.27737
1.39642
-1.60004
-1.91445
2.35579
-1.7568
-1.22939
2.01284
-1.52609
-3.11568
-1.77575
-5.07808
1.04425
-7.77896
-2.71019
2.50508
-1.46508
-2.09453
0.284242
4.46259
-0.515853
-2.82665
-10.5455
2.83912
-1.98618
-0.464477
0.31389
3.07952
6.53671
2.4984
-5.00258
-5.25135
2.67857
6.76287
-0.850843
0.018448
-5.2692
1.93762
0.36423
0.131449
-0.040388
-5.59678
-2.22092
0.0823444
-0.222602
-2.71954
-0.733581
0.652325
-5.53867
-0.288363
0.173618
-1.15743
-2.57745
0.528485
-2.11696
2.47833
1.60343
0.177814
2.61117
0.293654
0.244491
-5.40517
-1.79039
-0.152363
-0.585843
0.0396565
0.431665
-0.132432
3.49401
0.439177
-0.71487
3.29625
0.525621
0.929036
0.373198
-4.99822
-1.55153
0.294354
-0.0867907
0.59704
0.21571
1.74703
4.25769
-0.0905316
-4.62122
0.984029
0.352117
-1.75315
-0.62401
-1.89836
0.44161
0.956629
-1.86622
-0.810708
0.0695131
-4.92871
-3.80092
1.71627
1.26126
3.10776
5.88912
-0.383507
-2.06089
-8.9827
7.51883
2.86402
-0.591296
0.474688
-8.67644
-3.20785
2.90628
10.9655
-3.91685
1.20269
0.797451
0.375531
4.06621
-0.612762
1.06675
0.226309
-0.278238
-0.684894
1.0711
-2.13814
0.285844
2.31081
0.727542
-1.26102
-1.17447
-8.3645
5.97736
-0.835141
3.01682
-0.631096
-1.05655
1.12252
-1.69959
-1.56012
-3.12479
-1.29792
0.456859
0.366898
1.20301
0.310154
-1.25883
2.04793
0.736697
2.56411
-1.01678
0.367152
-2.42211
-3.83802
-4.27132
-0.719818
0.380506
-1.168
0.921565
-1.34076
1.0519
3.77925
1.17104
0.416287
3.84043
-0.664446
0.982857
0.372407
0.385787
2.77366
-0.904317
-3.88455
2.0402
-0.887598
-0.712833
-3.07323
0.3857
0.157583
1.19669
7.31629
-2.08481
-0.294966
-0.398281
-1.74711
5.37668
1.78537
-1.2826
0.860147
-6.58705
5.15601
2.05651
2.71074
5.35396
1.36125
2.66234
-1.40729
-0.765904
5.18227
-1.28876
1.24273
0.196385
-0.923756
-0.34114
1.58621
0.656955
-0.679477
2.55396
0.576906
-0.613402
-0.074945
-9.12283
1.21065
-6.85229
2.37609
-1.68397
-2.50271
-4.79271
-0.32892
-4.61095
-0.835377
1.45891
-2.11407
-1.38029
7.29255
3.14207
-3.09928
-1.65257
-0.11547
2.66668
-0.934034
2.30685
-4.23924
-3.91415
-7.20192
4.03045
0.9362
-0.179384
-1.32937
0.837557
-0.458255
0.192331
6.85316
0.508
0.534879
-0.474227
2.17036
-0.490244
0.00666879
4.78891
0.914894
1.10372
-1.87811
3.88627
-0.458001
1.84737
-0.858549
0.0904781
-3.10613
-3.83568
-1.84974
-1.24495
-3.39814
-0.136336
0.175286
-1.95064
-1.06239
-3.29924
1.59954
0.0948979
-0.707555
-2.60467
2.84266
0.44819
-2.94537
1.64665
-0.953936
1.2354
-1.05558
0.332432
-0.543003
5.55269
0.148797
0.999112
-0.687966
-6.35453
2.71143
-3.14918
-3.76051
0.435902
-1.16264
-1.40174
-0.955299
1.25333
-0.744277
2.17614
-2.10338
2.27797
-3.09691
-3.37392
-2.25527
-0.647476
3.19913
-0.792192
0.895018
0.0870465
-0.443173
0.809868
-2.14145
-3.9513
0.180075
-0.100167
-1.77044
-1.3587
6.89405
2.42542
-0.474448
-0.107735
-3.36821
-1.23653
-1.18978
2.6769
0.877767
0.675348
7.75943
1.81992
1.3318
5.70472
-0.237598
-2.96638
-1.38489
3.92618
0.54075
0.841932
-0.0606337
-9.99986
8.4605
-1.85258
1.60299
-2.63989
2.1383
-6.00363
-0.566367
0.604834
4.66217
1.69021
-1.23842
-0.541121
-0.742687
0.531709
1.57578
-3.44912
0.698575
1.11107
2.50824
-3.60603
3.12344
4.18287
0.484565
0.336375
-0.931041
1.97714
-0.44258
-0.087277
-0.891299
-1.43204
0.0106657
3.91842
-2.27458
1.69586
-0.587863
1.201
-4.41525
2.12048
3.06092
1.49687
2.69465
0.0242943
-0.0384997
-2.32263
0.179807
-1.79561
5.75058
-2.20988
0.0609231
2.25474
-1.88594
3.56113
1.25259
-1.33233
-1.97039
5.62288
-0.446151
-1.14438
-2.35833
0.892851
1.31005
-2.32475
2.98139
-0.99448
9.36679
-1.98243
1.28121
-0.405695
-6.76181
5.05816
-1.78205
-3.8922
-3.108
1.90581
-0.229497
0.326852
0.662107
-0.703889
0.440885
-1.65262
-0.0851981
0.717421
-6.33234
-1.59198
5.3925
0.457158
0.966164
0.286383
1.91278
0.994352
-0.0152092
1.42093
-1.52909
-1.55814
-0.0174456
-6.69085
-0.00373763
-1.85312
2.29377
-4.83658
-0.711981
-0.965176
0.0677386
0.713423
3.1214
1.39555
3.16155
4.86423
1.51202
8.56564
4.25897
-0.707859
6.10971
5.24093
1.46081
-1.37323
0.499013
-1.29153
-5.43759
-0.474646
0.286336
-1.6015
0.996347
-3.89004
-0.835302
-3.08915
-0.994097
-7.41392
2.05463
-3.01271
-7.94075
-0.906686
-0.693047
-1.02922
3.46024
0.864377
-0.67271
-0.957536
2.57112
-4.05727
0.269642
3.88582
-1.82526
-3.27066
-3.72647
0.842298
0.754235
-1.98914
-0.646757
0.409583
-0.769734
0.0878645
0.612644
-0.347516
-0.258614
-0.805239
1.90126
0.286706
-2.29662
-1.00828
-1.33659
-4.71297
0.793023
0.450704
-0.900987
-1.02661
-4.51412
3.48993
4.72797
-1.43313
3.31226
0.908391
-0.521806
0.402236
1.6137
-1.11066
5.83353
0.274375
1.83832
-2.14897
2.37449
-2.75142
-6.88162
-0.774306
0.0857695
0.633462
0.0687424
-2.22571
0.999399
-0.15939
-4.22564
-0.33954
0.389682
4.36718
4.25629
-3.50837
-2.60612
-5.15747
-6.56665
-1.09031
1.98453
2.66387
2.63748
6.9951
-0.0146941
1.45885
-0.338466
1.52675
2.94898
0.186945
0.0104554
-0.988818
-2.62183
0.153286
1.57603
1.31293
1.55603
-2.22793
-2.72414
-0.261927
0.556986
3.15399
-0.861508
1.13664
1.78395
1.86815
1.17438
3.01405
-0.363504
0.789387
-4.87375
-2.55399
2.00151
-0.779453
2.06481
-4.06135
-3.33311
1.93609
4.51518
-5.22279
-4.09428
-0.895413
-1.10927
4.62766
-0.998002
-5.71698
0.705825
2.60778
-0.760654
12.4619
-2.1179
1.22957
5.14956
-2.83533
-2.7063
-2.05633
-0.132619
-2.72012
-1.18231
-0.997163
0.0748623
-0.575016
0.303342
0.916616
-0.585069
1.24983
5.30971
3.81359
5.22042
0.120665
-2.24624
-1.85657
-2.21328
-4.26644
1.15662
-2.73952
3.69382
7.80386
-0.683444
1.92618
-0.131691
-1.59108
1.30152
-1.70327
-0.782174
0.694087
0.495621
-0.0191968
0.203115
-0.844423
3.68704
-0.708765
-0.0348943
1.07161
-1.80227
3.96068
1.03421
4.44786
1.03498
2.4551
-0.156124
-2.28773
0.536693
0.554964
0.37309
1.07578
-0.295496
2.21098
-7.69986
1.20145
-3.23021
0.77028
0.426612
1.64166
0.503658
-3.01766
-0.356246
-2.6493
2.62597
-0.912898
0.251939
-1.29589
-0.219551
0.293152
0.307411
0.276594
-1.3801
1.38595
0.0249628
-2.72428
-1.08612
-1.76942
1.23876
-2.99972
0.693958
-6.87748
6.80165
-1.72871
-0.341879
-1.68712
-2.05071
2.2504
0.330409
-0.483666
-3.62897
0.622123
0.311251
-5.04853
-1.93516
-2.17191
2.07204
-7.21032
0.0895645
-1.02797
-1.85265
-0.352007
5.35553
0.792673
-3.1228
2.17275
-3.70333
4.40271
0.0206825
-1.66633
2.49352
-1.3187
-0.837278
-1.24271
0.394364
3.39493
1.1297
0.622847
-0.42435
-0.0566757
1.56169
-0.601853
2.59452
-2.78639
1.21087
-4.53224
-0.954361
0.549655
-5.0777
-0.375945
0.662983
0.759248
0.167976
0.492613
0.816278
1.13133
4.22651
2.55439
1.97644
1.27035
-2.44523
0.910517
2.49186
-1.39825
-3.71715
0.976174
2.83802
0.580956
0.100712
-3.11728
0.946553
-0.515835
0.931886
3.86259
-2.35271
3.24063
2.30813
-0.446246
-1.18004
4.76202
0.0583557
0.0547781
-0.404751
1.12382
-0.341192
-12.2006
-4.73171
2.1652
-0.00414336
0.0500312
-3.14388
1.4106
-2.01076
0.045124
-3.39178
-0.0375492
-1.66051
5.0096
-0.27948
-0.906176
2.66212
-2.60605
-2.93227
1.39785
0.699961
-4.10456
0.0204214
0.907421
-1.61142
2.20535
-1.05321
-9.2759
-8.12353
-0.642127
-0.835051
-0.319711
0.338914
1.06595
0.289514
-0.00739306
-2.43186
-0.0811133
0.858234
2.6521
1.03863
-2.68932
-1.44168
3.67429
-0.870939
-3.54256
-2.06472
-1.96412
4.41837
1.2359
-0.633998
-4.53991
-6.7552
-5.09019
1.628
-0.298031
-1.50593
1.12737
-2.48171
0.357494
-1.98828
-0.668091
1.03974
0.501945
-0.277795
-1.59043
-0.878559
0.569721
-3.13037
-2.33902
-1.03609
-0.70478
-1.69016
-1.2787
0.710618
0.673394
-4.30585
1.10046
0.673595
2.00572
-0.900324
1.45597
-11.1322
1.45647
2.15276
-1.12465
-2.74921
1.40385
1.16131
-2.65544
-1.65948
0.557555
-0.416125
2.73091
1.35196
-0.700089
1.09982
0.739476
0.868097
-3.51734
-0.822063
-0.544194
1.10581
1.4496
1.78745
-0.108295
-3.43419
-5.37474
-2.32721
0.422116
-5.51844
-7.12431
0.091449
6.69783
-11.1127
-1.88072
-0.74573
-4.31674
1.83183
1.33211
-0.170422
-1.98819
-4.86616
-2.80283
-0.900709
3.20084
1.38089
1.2646
-2.8681
-1.22714
-0.300775
0.937104
-0.980567
-1.5634
4.51513
0.779173
-0.4171
0.348227
3.99116
1.31284
-0.956318
-2.73226
2.70025
-5.6639
1.19024
-1.74912
-3.43022
-1.90242
2.37781
-0.354511
8.14813
1.42415
-3.22085
-0.74644
-3.0578
-1.77071
4.69585
6.55254
1.88578
-1.43265
3.62738
0.713463
-0.244985
0.184879
-0.41984
2.64834
0.532097
-3.99086
-0.0812487
-0.148843
0.0722237
0.186133
1.42979
1.04133
0.262133
1.353
4.68237
-0.0291104
-0.66664
-0.796681
-1.32285
0.425024
1.11324
0.770429
-0.155995
-1.30051
2.67535
-0.0897606
-1.92931
1.56159
-1.46456
-0.627495
3.21272
0.301165
2.08319
-3.29175
0.0481441
-2.2832
-1.73345
0.535859
2.63615
-3.17784
2.09734
-0.880603
-0.710426
0.942485
0.144761
4.04703
-3.46932
-0.137459
-0.765957
-2.08489
-0.916466
2.03327
-2.10053
-4.71825
1.8377
2.96621
-2.64775
-3.03905
1.96716
2.54393
-6.5841
4.16746
-1.06169
0.721029
3.38035
0.246746
-2.32874
2.62695
-4.00827
-2.14714
3.56884
-2.3675
0.118117
2.58174
-0.517402
1.12249
1.11276
5.79879
-1.88947
1.78926
0.0970758
0.435205
5.45891
6.55254
0.564407
-2.28541
1.82418
-1.50702
-1.0264
0.328317
-4.05871
1.40485
3.0455
-0.575415
-1.11317
0.909964
-4.16367
1.85704
-0.972168
1.06478
-1.93157
5.10359
0.047704
0.674938
-1.14264
2.50274
-0.975955
-0.580158
-1.49
-1.90148
5.47323
-3.86575
-1.67217
-3.54821
-0.152378
1.01357
-4.53186
0.0282993
-3.2531
-1.08869
1.01397
3.2423
-3.00172
-8.68555
-1.90688
-0.943487
0.756659
0.202138
-2.26958
-0.210407
-3.51353
-10.5083
-2.54419
1.89416
0.273916
1.1498
0.527558
1.38312
-0.429762
-0.805899
0.252525
-0.915886
0.0245499
0.63849
-3.28519
-1.31703
0.133882
7.17192
-0.390972
1.33245
1.44073
-0.766668
0.803198
-0.85462
3.05664
0.101774
4.40743
-4.58781
0.510005
0.0227722
0.312154
-0.359268
-3.28734
0.251429
-2.85862
-0.209021
2.45504
0.499438
-2.1206
0.941358
0.369139
-0.525986
-1.04643
-1.95198
-7.43362
0.999335
-0.630584
4.35753
3.81584
-3.87302
-0.241599
-1.28145
-0.203063
3.45108
-0.575866
0.230797
4.9806
-0.044164
3.54838
0.893757
1.17846
-1.32178
0.262444
-3.41952
4.58878
0.062138
4.96723
-3.16267
1.05576
0.722596
-1.13792
-1.82622
0.287183
-3.54084
-1.73516
1.1715
-1.39104
1.32241
-2.8242
0.541009
-2.14238
0.321463
-2.51666
1.23264
-0.501192
-4.86846
0.337735
-3.6022
2.172
-9.39974
2.78741
0.589137
0.697962
-4.95835
-3.81136
11.0698
-1.8009
1.06775
-0.988394
0.405538
-0.203919
-0.799363
-0.00488156
-0.525479
0.525726
-3.12268
-0.91984
1.32404
1.90587
0.791313
1.73164
-2.0373
-4.92384
-0.285798
-0.173222
-1.22528
-2.85122
-1.255
6.62012
0.74314
-2.56454
-0.450973
0.0184016
-1.62125
-1.62063
-3.31723
0.426585
-0.0666191
1.08004
-0.0823524
-1.33808
1.13962
-1.27183
-2.18762
-0.769485
-0.00459883
-0.745715
4.90938
-2.58176
-1.36968
2.29411
-4.494
0.298851
-1.21468
-0.477414
-0.76917
-1.34763
0.373082
-2.325
0.88449
-2.86328
-0.352688
1.63728
-0.143243
4.56681
2.41022
1.87975
1.92261
0.79589
3.11968
0.717562
0.634585
-1.13997
1.48862
-2.04198
4.38499
1.87111
-2.39982
-0.656717
0.448114
0.179448
-1.85603
-2.84636
2.20924
7.66063
0.363631
2.34305
-8.46868
0.190557
-1.24164
0.490794
-5.02731
1.06661
-3.72728
-1.50258
0.763298
-1.16852
7.9853
-6.36876
-1.45616
7.34541
-0.777654
-0.2367
2.53573
1.26196
-8.92562
0.29794
1.30563
-10.9324
0.967131
2.11905
0.729373
-0.736289
-3.83133
-0.664883
0.708688
1.44761
0.618566
8.05607
-3.32393
-3.73404
-0.852829
-0.689264
2.32263
1.72954
0.872461
-0.291057
-2.6123
-4.55086
-0.162539
-0.532574
1.13968
-2.69014
5.73904
-1.1131
0.104624
1.36414
1.38306
2.41409
4.18783
0.524393
0.289822
-2.06328
4.33812
1.95948
0.610566
-2.56185
2.44433
1.09432
2.12126
-2.32538
0.764562
-0.460449
-1.77171
-1.09031
6.80934
1.498
5.03022
-0.025633
-0.39206
-3.14848
6.84285
1.18176
3.89731
-1.84083
-0.311646
2.82221
1.41349
-7.1497
0.0339216
2.36826
0.0505956
-6.48716
4.45495
0.44699
0.746901
0.865498
-2.17025
4.1757
-7.26476
-0.559866
0.813897
-0.965172
-0.131476
0.754621
3.48646
-3.78331
1.30233
-2.92637
1.33802
1.40671
2.42621
-2.34134
-2.58807
0.824227
0.920023
-1.24498
-3.70808
0.303059
-7.00973
0.578321
-2.23022
1.9048
1.32516
4.0982
0.351105
1.73981
-1.29515
-0.806347
-2.02751
4.78772
1.47862
1.44242
4.0062
-7.4288
-0.613256
0.532893
0.231536
0.879319
0.579662
-2.56548
5.9988
-5.508
-2.98797
-1.0358
1.17335
2.80463
-0.736822
-0.694901
0.0118785
-1.85199
1.091
5.12625
2.83085
-4.176
-0.44605
-0.920865
-2.07826
4.10367
3.53279
-2.45353
2.59754
1.86425
-0.0235699
0.413777
1.08391
-0.0843616
-5.33818
0.479886
0.994507
3.69201
3.95994
-0.687215
-2.51042
3.32245
-1.07103
0.491924
0.229535
-0.546724
-1.83812
-6.00585
-0.0500075
-0.966786
0.917838
1.44086
-1.24281
-5.31458
0.13835
3.86121
-0.488925
4.14877
0.0999678
-1.565
-5.22262
4.47235
-2.18954
1.34098
-2.55637
-1.21983
2.61917
10.5526
3.74308
2.90514
1.03659
0.0909656
2.30963
3.12955
3.98519
-0.227256
-7.52167
-0.833945
-0.187965
-1.31359
-3.209
-0.697275
2.69376
-4.34124
-0.164869
4.62684
3.84003
-0.0954928
4.64901
-0.990072
-4.84406
6.54363
12.1356
-4.68172
-1.88954
1.4065
3.60511
0.261736
0.270356
-2.36892
-0.199273
0.263674
-0.679933
-1.62095
-2.04589
0.729155
0.850861
-0.179534
1.01974
3.42996
2.14743
-4.90402
0.740502
-0.348038
-0.864028
-0.302313
-2.01118
-4.6395
0.406119
-2.32099
5.28177
0.729593
-2.04366
4.23465
-6.7077
-1.45824
2.43847
-0.230038
3.54646
2.66971
1.8367
-7.0533
1.28297
-1.64749
-1.64409
-1.38486
-0.971819
0.160935
-0.629067
-6.89164
-0.437995
-10.4056
1.93418
-1.90719
-1.73387
-4.1246
2.24416
0.762323
3.85425
-1.06534
-0.968909
0.397242
-0.665971
-2.51149
-0.0415596
4.4949
-0.101133
-0.50702
-3.6265
-0.977084
-2.84742
0.808698
1.71941
-1.20322
6.32081
0.72741
1.8708
-1.73268
0.123043
-0.144229
-2.98775
0.814882
0.431175
-0.0836666
-1.21825
0.124005
-0.10298
-0.318327
1.04853
2.66213
1.42121
-5.99464
-4.75455
-3.42983
4.41526
3.42136
3.98875
-1.92271
1.11257
0.5057
0.399854
-1.15881
0.671691
5.21372
-6.63009
-0.016994
-1.8959
0.721632
-1.976
-0.501223
-5.37086
0.445394
0.409209
0.559747
-5.12594
-3.06816
-0.133137
0.0162032
1.67688
6.44621
-0.759305
0.54546
1.1475
-1.07072
-2.66585
0.0335423
-0.114466
-0.313599
0.744317
-1.78968
-1.19565
3.68237
-6.08829
-1.91623
2.92625
-1.40963
0.171868
-0.174729
-0.818258
0.792532
1.62873
-1.77686
-0.212367
-0.617876
-6.00885
0.00624761
1.55792
5.10987
3.58352
0.0223989
0.460154
2.1615
5.15351
-3.93807
-1.03749
1.61331
3.03751
-3.32361
-3.62028
2.12623
-0.382683
-0.372658
-1.00707
-3.64632
-3.66408
0.995151
-6.51971
3.83858
0.120991
-0.174009
0.753088
2.68097
-6.02947
-2.54014
0.83091
1.35414
-2.78958
1.87192
3.97993
-3.94124
-6.48661
5.46376
3.26157
-1.38936
0.468698
-3.19334
0.0804493
-2.73068
5.73272
0.633891
3.69899
2.72498
-2.17313
0.97035
0.680851
0.807991
8.70618
-4.93405
0.386721
1.9307
2.14222
-0.893321
2.03827
-2.95659
-0.118345
1.76972
-0.178841
-0.154912
-2.4292
0.722215
-1.79657
-2.11073
3.84902
-0.103585
0.250989
-0.885995
-1.70105
0.674076
7.5989
-1.61109
-2.80366
1.03413
-1.1488
0.762518
-4.10926
1.51827
0.543897
-0.549948
-3.22003
-1.17628
2.88517
-1.15796
-2.92445
0.210747
-0.877704
1.61466
-2.88781
-8.79232
2.09972
0.625484
0.0707337
2.91203
1.4681
-0.772526
-3.48285
-3.83188
3.16573
0.582672
-0.115406
0.98042
-7.05542
2.91222
-6.26295
-0.608625
-1.08928
-1.15854
-1.45926
-0.179875
-1.05432
-2.27578
3.8927
-0.202341
0.756496
0.541452
-0.408232
-0.0816601
0.383801
-4.0635
-0.287275
1.28013
3.26995
0.912192
2.37485
2.70931
-4.01183
2.31505
-1.13533
3.62586
-4.38683
-1.5735
-0.931264
2.05552
-2.83684
-2.90001
-0.422083
-5.4695
-1.23545
1.72114
0.998424
2.93744
-0.299712
0.156629
3.1895
1.80349
0.984722
-4.12872
2.30545
2.00367
2.01042
-0.805896
-0.017443
1.18645
-1.76651
-3.79852
1.25093
-5.14116
-0.140176
0.977074
2.29814
-1.10594
-1.3249
0.557035
0.935883
-0.507569
-4.29179
-5.61272
0.351645
2.2621
-0.00777407
-4.89182
-8.81306
-0.0232472
-0.0587057
-1.40335
-0.701885
9.52334
-2.91086
4.18421
-0.83235
-2.03447
0.728487
5.09269
-1.06081
-1.24585
1.4839
1.57807
2.0207
-1.5832
-1.06314
-5.0636
1.25898
6.55681
6.90938
-2.73395
0.172871
0.24474
7.67492
-3.26286
0.818631
-0.245794
-3.31539
-0.0948961
5.0213
4.71815
0.529898
-2.22235
-0.19844
1.12041
-0.788502
-0.426877
0.759054
0.0395766
-4.48526
-1.50269
3.54136
-0.620155
3.36421
-1.94295
-1.26579
3.51713
-0.0279771
3.89241
4.21543
-2.14868
7.10101
-2.91083
0.406451
4.22886
-1.68063
0.602684
5.03278
-5.81262
-1.47247
-3.46135
1.17225
-0.300178
1.54137
-1.80193
0.172248
2.57336
-1.5156
-2.26229
-6.29104
2.00729
2.10676
4.52444
0.871139
5.62823
3.44105
-0.657938
0.353416
-0.221335
-1.90186
3.16625
1.78395
-9.53897
-0.269104
0.0788902
1.25251
-0.633747
-4.80318
-0.51674
2.13903
-2.97046
1.72872
-0.481158
-1.89538
-0.941742
-0.153217
-0.887977
2.2606
2.11858
-1.40503
-0.562766
0.432375
1.80818
-0.298434
-0.897811
-2.54993
0.559009
0.957425
-1.59699
-0.449427
2.08788
-0.0241562
-3.42152
-2.94739
2.3702
-4.58917
7.48892
-0.164774
-1.28543
0.47294
-2.8322
2.25631
-1.01859
-2.9836
-4.56532
2.19147
0.0218663
-1.10265
2.63226
0.593489
1.18639
1.86115
-1.07938
-3.43488
0.0684471
0.429145
0.705737
4.97091
-6.63749
0.367099
0.167972
-1.55442
-0.34611
1.88671
-0.369616
0.0798871
0.937732
1.85931
-1.34374
7.53636
-2.02732
-9.68409
-0.662131
0.229643
3.60502
1.29306
-1.28891
-2.3247
1.87511
-6.02053
2.41804
-1.24653
2.57527
0.172239
3.21163
0.409627
-2.07826
1.28029
-2.22901
5.66589
-0.645693
-0.042768
0.35962
1.13882
0.42373
-5.19028
-3.02163
7.78158
0.936446
-4.83361
2.34379
-1.8231
0.199285
1.14582
0.470818
-1.77632
-0.660576
-1.73614
0.596612
2.48782
1.34788
6.31565
-4.85867
0.166984
6.88335
-1.1901
2.76925
0.712111
-0.950187
-0.977469
-0.606598
2.57085
6.91884
-2.69189
0.91035
-0.874096
8.90467
2.16682
-0.102264
1.28517
1.70308
2.1106
0.0504493
1.78369
0.838553
-2.53465
-4.26362
-0.0601667
-2.2682
0.649609
3.67451
-2.46051
-3.34179
1.39247
1.86814
-1.12434
-2.85057
-2.64886
-5.46217
-0.0448882
-1.38079
-4.70963
-1.44929
-4.95207
0.295741
-0.42806
1.17809
2.23231
-0.0924357
-1.68994
8.78968
-1.20341
-4.84556
-0.365242
3.70847
2.73883
-0.508451
-1.86616
-4.18763
1.49794
1.1343
-0.880502
-5.68717
1.15616
2.21509
2.12165
-6.029
0.423402
0.140831
-1.23131
-4.10943
0.200618
-0.428314
1.0186
-1.52743
2.19541
-0.512873
1.18669
-4.26823
0.45437
2.02807
1.38013
-0.273075
-0.796743
-0.147101
0.0683195
-1.75618
0.722805
0.0696198
-0.528518
-4.69406
0.185403
1.02248
-1.46032
2.13018
-5.11577
-0.635879
-3.22185
-2.73053
0.331995
-0.56298
0.0240715
0.598129
-1.14906
0.400308
-0.292591
0.0886812
3.83474
-0.379864
1.07106
0.711743
-2.3854
1.72533
-1.11834
1.78878
0.843737
1.91907
-2.1561
0.832647
-1.5929
-3.66344
0.119646
-3.60768
0.17016
-3.58077
4.10944
0.180103
0.181161
2.68733
-4.84341
1.17445
1.64097
-0.105305
-0.139301
0.541607
-2.27997
0.508686
0.412328
4.48316
0.324946
-1.8916
-3.04265
-1.58877
0.693609
-0.19078
1.37537
1.64159
4.87542
2.3331
1.17505
1.47708
-1.12201
1.07102
-7.54045
4.05737
-2.98659
2.71026
-1.42494
2.76866
-3.7937
-1.01067
-0.357134
-2.88465
-0.608645
-1.08457
4.40525
-0.0104847
2.01287
-0.729282
-1.49807
-1.26179
-8.32608
-6.1018
-0.246922
0.863501
-9.21672
2.66309
1.5257
-2.28905
-3.36725
-0.548125
-0.859517
0.318037
-2.37839
-4.34313
-3.0112
-1.74906
-1.85725
-0.239281
-0.893423
0.735538
1.02636
-0.160938
0.847085
2.17069
5.76346
-0.817729
0.445381
-1.10437
-1.45017
-0.858631
2.22787
-0.275397
0.992963
0.0675406
1.32826
0.255851
0.735164
1.08196
2.49761
6.30387
-2.74855
-1.19699
1.97029
-7.98153
1.75766
-2.48726
0.937787
-0.701639
3.01834
-1.78805
-3.27315
2.13854
-2.84646
-0.0603079
0.265321
3.34233
-0.967135
0.367589
4.18859
-4.08545
-0.818508
-2.24524
-1.95872
-4.42129
0.310557
-5.52698
-0.553649
-2.12639
-0.105199
-1.35636
-1.63139
0.427592
-0.609462
4.23147
4.03557
0.785782
9.21383
-4.26961
3.50751
-3.96052
5.64879
-2.32675
7.39174
-2.28817
-1.49978
1.56665
5.29898
-0.594694
0.670263
8.65999
-0.580751
2.48373
3.38613
-2.07208
-0.286971
-0.634456
2.86344
8.82445
-0.214351
-1.3035
-1.95462
0.315196
2.17128
2.78037
-1.73593
-1.50948
-0.0565435
0.308799
0.0231835
3.09657
2.15348
0.0350332
5.71686
4.27044
-1.52426
8.90691
-0.158804
1.80065
-1.01447
-0.226483
-2.66278
0.331182
0.488223
-0.747894
1.11115
7.71572
3.74124
0.0832296
1.62756
0.133065
5.47493
1.41627
-0.474152
-2.13308
0.976563
-3.01962
-2.08348
1.03652
0.837672
-3.66757
-0.107243
-0.150038
1.25792
0.813967
3.61199
3.31783
-1.29008
0.361406
-1.15788
0.19445
0.865602
-0.522177
0.876077
4.10767
4.67506
-3.37748
-0.333702
1.38773
1.40744
2.19713
1.01492
-7.94865
-12.353
-0.554846
-0.857187
-1.16642
1.33129
-2.53684
-4.06505
0.676827
0.79162
-5.66738
-4.34161
0.340769
0.898673
-0.172637
-1.53173
-2.42557
1.577
-1.66746
-8.00404
0.260527
-2.10028
2.8836
1.00449
1.4153
1.59844
1.88758
3.59382
-1.35347
-1.29385
1.29393
3.40296
1.0299
0.82687
2.14536
-2.23753
-2.92322
-0.370142
0.183142
-4.43021
4.48393
-0.676867
-1.8
-0.459596
0.44027
6.52517
-0.420542
-2.08427
-2.75689
-0.353853
2.15463
-2.30109
4.22818
-1.10828
0.830965
-1.18
0.469539
-0.0642762
-0.825707
0.437874
4.31461
3.09674
0.902363
6.21651
0.68088
-1.47282
-0.3017
-2.00235
1.83826
-1.75747
0.750863
-0.442984
-1.72691
-0.183736
0.0546811
-0.438535
0.8301
1.2019
-4.6998
-3.73477
1.82831
-0.863468
-0.532942
-1.8057
0.480556
2.42765
2.83519
-2.40153
-3.19873
-0.530355
2.23012
2.84863
1.3132
5.58717
-1.08627
-2.53019
-0.482165
0.588796
-3.4187
-0.676322
-3.37878
-0.570463
4.82814
-1.46424
-4.11802
-2.07867
1.0626
1.8029
-1.76024
2.39768
3.07932
0.431442
-0.658196
1.00259
-0.605774
-2.16089
1.07695
1.38373
-0.741545
-0.272502
0.661168
-0.092053
2.33679
2.48335
-1.39863
0.969449
0.507726
-0.208214
-0.140483
-8.6957
1.58191
-4.07481
-2.28337
0.566001
-0.797532
-4.85701
-1.51218
1.3733
2.77864
0.314707
4.93602
-2.01267
-0.767132
0.26842
3.32275
-1.04295
0.153582
-3.39558
-0.317736
-0.527823
0.541209
-0.715365
-2.94098
1.15097
-0.632617
-0.429456
1.82684
7.80688
-1.90018
-6.25444
-0.103097
-1.56885
0.679387
-0.262601
2.15771
2.65829
-0.018116
-1.52827
3.91312
-1.56352
0.855026
0.63311
1.56739
2.49535
-1.20851
-0.597078
3.58251
-0.883345
-2.57676
4.31359
-0.758244
-1.27942
0.365662
4.25197
3.564
-0.588361
2.72233
-0.138551
-3.40236
-1.28957
0.108688
-0.955514
2.60989
2.14611
1.1804
-2.57064
0.571867
-1.91095
-0.657924
-4.64303
-1.63588
0.273608
1.84939
-0.329084
-2.96978
0.479251
-1.43436
-1.51538
0.375488
-0.214775
-0.780253
0.732797
1.34922
0.145438
-2.79509
0.750948
-2.55601
1.59262
4.84595
-1.90326
1.22184
-0.0629111
-0.366437
-0.512171
-0.138845
-0.857836
2.76569
-7.58961
7.17009
-2.04152
-1.03678
-3.85752
3.64724
4.3771
2.96213
-5.04941
-1.6829
1.12538
0.451873
3.83079
-2.55108
0.811355
0.456281
2.46281
-0.0571689
0.573354
1.15684
1.65377
1.44625
1.60614
-1.72351
4.50504
-2.02683
-4.35659
-6.47829
-1.56528
0.328785
0.262469
2.44146
-4.19406
-0.74186
-6.04054
-1.66286
-1.27235
2.63834
1.41954
2.51914
0.84292
0.835741
-0.342427
3.09203
0.318962
-0.763508
1.79304
1.31385
0.330911
-5.30476
-4.90192
0.704103
-0.155964
0.795139
-0.824437
-1.56126
4.26654
-2.42585
0.190131
4.49437
1.3977
2.75245
-1.8866
1.5675
-0.206961
-0.507252
2.19044
0.962123
1.87083
-0.253968
-3.89495
-0.741256
-0.901669
0.83078
-6.75276
0.7294
-0.762916
1.10698
2.10226
0.549661
-0.264663
-1.16141
0.385522
-1.51079
-2.85951
-0.496095
3.32121
-1.08692
-1.37478
-1.13807
-1.09625
0.396533
-0.0268465
1.2251
0.701963
-1.55273
1.08274
-2.29887
-0.588587
-1.32589
6.21101
3.20034
0.82929
-0.32132
2.86184
3.41043
2.95254
-3.32016
-6.3288
-2.20651
-6.92503
-1.66755
-0.230416
-0.140095
-0.410885
3.27932
-0.490175
0.0358702
-1.11862
0.0279305
-3.13529
1.27589
3.96434
1.94138
-2.34659
11.5568
2.90418
-0.761907
-9.40532
0.246728
-3.23777
4.04172
-1.19792
1.27154
-0.0653422
0.206697
-0.295588
-1.33662
-1.88787
0.887953
-4.92536
-0.0486972
-0.389453
-2.00846
3.30542
1.46284
-2.46056
-0.394338
-0.638952
-6.25932
-3.29971
5.59561
0.783771
2.6047
1.47753
-1.45727
-4.58199
-0.210362
2.96832
4.85716
1.6252
0.660267
14.2662
-2.61424
-0.225149
-5.5993
-2.75804
1.17502
-2.22739
1.91884
0.862109
-0.474005
0.682825
4.8444
-3.40652
2.84045
-0.394831
1.86271
1.14094
-4.70413
1.53361
3.97201
0.153267
0.231908
-0.681711
-0.734262
-1.27244
-0.625786
-1.06661
-0.133232
-0.0890517
-0.17954
1.5269
-2.94087
-1.63254
-0.801023
3.41958
1.83056
-0.552439
6.45181
0.599019
-5.2197
1.01207
-1.48055
0.398164
2.10053
0.405168
0.0812377
-1.42572
-1.0268
-0.180308
-6.34107
-0.862992
4.30475
3.13357
0.639793
-0.298415
0.290105
-3.5432
1.63804
-0.174743
-5.01668
-0.636845
0.829594
2.66172
2.21109
-1.71835
0.162519
-0.165839
-0.645818
2.11727
0.776922
-0.663793
0.754459
0.019795
-0.96259
-0.862161
2.13434
3.87861
-9.11231
-0.162721
0.80988
0.530342
-0.436246
-1.79755
-1.70808
-0.204741
-1.38792
-3.91224
3.56321
0.339014
0.972366
-0.632196
-1.32922
-6.67498
1.87569
-3.04961
-0.520048
-1.96303
0.178612
-2.55901
1.73237
3.71985
2.62322
3.67242
1.07312
3.07623
2.68178
-1.57455
3.59666
-4.43789
-0.80826
-4.15169
0.32597
13.7853
-0.0109195
0.0315552
-5.11988
-2.54796
1.5639
0.021855
0.572096
1.39838
-0.409528
-7.35898
-0.424156
-6.95677
-0.244593
-0.974011
0.918284
1.97848
3.45012
-2.12681
4.72485
2.28959
0.46603
-2.47528
-5.76356
0.408275
1.99369
3.78112
8.7435
-1.74919
-0.251229
-0.0760291
0.933307
-1.24977
2.75561
1.08351
0.754887
-1.4402
-2.26954
-1.75146
0.664912
-1.88743
1.62486
1.859
3.17823
0.0407984
0.429684
2.71254
-1.19314
-0.195945
1.14836
-1.52589
4.58254
0.327376
-0.581286
-3.52743
1.52329
3.88868
-0.168058
0.860183
6.88967
-1.49789
-3.15275
-3.05574
-0.357214
-5.39452
-1.95615
0.445421
-1.09056
-1.28461
0.00683757
4.50326
-4.39012
-1.43036
0.877761
6.38509
-0.383297
-1.77415
2.93399
-5.15127
0.197677
-0.599676
1.42249
1.08878
0.3318
-3.76415
-1.30338
1.08151
2.04569
4.34729
0.957708
-0.462377
-1.39343
-2.47129
0.936596
0.482662
2.58495
4.76116
-2.50652
-1.62278
0.92179
2.31064
-2.15571
1.84714
-3.91973
-4.29333
-0.902789
-0.503597
-2.99159
0.514566
-0.128822
0.823207
0.119851
-0.478905
-2.03915
0.253944
4.29554
-3.65157
1.88147
-0.107414
0.525624
1.1084
-0.942268
2.09942
-0.660048
0.3325
-0.447543
3.89446
-4.94567
3.3418
-0.0673266
2.28848
2.76723
4.06243
1.11916
1.46649
-0.3862
-0.0748943
-3.39007
-6.44228
-3.84685
-1.7727
0.163122
0.287747
-5.13275
-0.687843
2.54662
-2.50084
2.71032
8.88565
3.99321
-1.17694
-2.57998
1.34297
-4.61279
0.999313
0.127085
0.177227
0.0598831
2.52682
1.20561
0.266046
1.30393
-2.43685
1.6624
-1.78939
-0.739698
-1.72851
-1.27632
0.301768
1.16393
-2.9632
-2.24815
-2.3553
2.21709
0.880363
-2.29032
2.31644
-0.738377
-2.66541
3.01899
-1.6501
-0.228969
4.67881
-2.03981
1.12091
-0.835906
6.12843
2.61905
0.774345
0.0273538
1.2772
-0.777518
1.7463
0.538221
0.0725896
1.74307
-4.05036
-0.821013
0.133591
-1.0532
-0.198957
0.972125
1.63637
-1.19468
3.94767
-4.45473
3.85047
1.69342
-1.73945
9.79374
3.94573
0.216781
-0.960494
0.706559
2.99817
-2.62306
2.02445
0.575474
-3.71222
-0.162598
0.0384143
-3.08442
0.891092
0.145111
-4.25036
0.354611
1.74366
-0.675371
-6.78405
-1.56034
1.16483
-4.33304
-1.41495
4.57513
-2.18052
0.29351
-1.71033
0.0306596
-2.22603
0.123148
1.16575
0.802023
-13.4469
-2.18887
-3.01751
4.91592
2.39815
-2.51046
4.25447
-9.44872
7.84763
1.2256
-0.279468
0.343824
-0.00660438
1.48892
-0.850419
-3.35531
-2.97788
-3.99343
-2.88737
0.643271
-0.120409
0.149882
-3.392
-4.62904
-11.5137
-1.40774
-4.55917
-3.43295
-1.83059
1.09345
-1.58226
-3.82648
-3.81913
-1.77937
-0.90936
1.32637
2.0082
-6.34412
0.525848
-11.7182
10.6003
-0.197844
1.06909
-0.300457
-2.65751
-1.24065
-0.529288
-2.46926
-0.501333
0.41225
3.0479
6.84087
-0.949261
1.25695
0.996068
-0.867454
1.18061
-1.55773
2.41069
0.177795
-0.0393043
2.47344
-5.52695
0.67613
7.54304
1.21873
3.60531
1.2608
-1.348
0.593976
-0.742074
1.10136
1.57352
7.13728
1.98911
-3.18872
0.838934
2.56393
-0.229891
0.191428
1.8996
-0.938764
0.208941
-0.514461
-3.90694
-0.854166
0.426317
10.0839
-2.78111
-0.571226
3.38609
-0.777224
-1.04519
6.42369
0.0352561
-0.0694493
3.30478
-3.7614
1.61511
3.29941
-2.30779
-8.5806
-1.3022
-0.993993
0.863084
1.33809
-3.65675
2.9331
-0.310906
0.368127
0.0209071
0.469165
-0.85467
-1.50179
7.42984
1.63043
3.58496
0.785156
-1.47573
2.6475
1.27719
1.80745
-1.42104
0.287246
-0.313279
5.55127
0.368279
-0.671575
-4.3008
1.76841
7.43673
0.750037
2.81851
3.18171
-4.67521
0.621602
1.52649
5.07707
-2.3459
-0.46693
0.163145
3.27273
-0.91365
0.7024
5.96488
-2.30553
-2.09777
1.24612
1.38903
-2.18032
-0.602566
4.60984
-3.34868
8.9269
-2.60465
-3.53637
0.508821
1.20597
-6.46456
0.124778
0.0610617
4.18421
0.090679
-0.203134
2.91865
1.09054
2.18153
-5.03278
2.57435
1.74483
0.472759
-0.492638
-1.84845
0.68931
-0.348901
-1.38528
1.15052
1.32043
0.261373
-4.62825
4.10679
-1.49571
-0.187101
-2.40442
0.555161
0.0124668
-1.93577
1.60198
-0.541995
-0.875767
-1.31681
0.814298
3.82416
4.31924
-0.685939
-0.964102
0.556128
0.174789
1.86491
-1.41127
1.67945
0.054576
1.7473
3.6866
0.845835
-3.23344
-0.289329
7.38306
0.794262
8.31822
1.71283
1.93334
2.03433
-2.13739
-0.999141
-4.517
-4.18377
-0.62762
1.28591
4.86947
-1.32982
-0.95677
-0.770901
-0.526813
2.59098
-0.34754
-0.704083
-0.17171
-1.92532
3.39622
0.54596
0.335501
-3.88988
-2.23355
1.90081
-3.21856
-1.05412
-1.53697
1.10232
-0.689476
0.485334
0.457686
2.9993
-2.62619
0.545619
-1.10382
0.0190956
1.13379
1.7498
-0.826001
0.800871
-0.0390541
1.85746
1.43478
-0.459262
0.397986
-0.903998
-1.07698
-1.17137
1.9925
-2.34366
5.64429
-6.22968
1.81881
-0.351634
-0.951477
-1.02063
-1.07095
3.11191
2.75865
0.515833
3.60747
-1.11377
0.432134
0.423949
-2.84854
-0.0637445
-1.23841
-5.85084
-1.23188
0.35266
-0.793555
-9.09912
-0.871938
-1.29715
13.5664
0.0607997
1.96842
1.07631
0.380303
1.14365
1.06244
-0.0230702
3.13868
2.55741
-1.40946
2.63665
-1.12697
5.91008
2.17909
-2.10355
1.51451
0.307494
-0.817584
-0.135644
6.38661
3.80189
3.44051
-0.708065
0.201655
-2.58869
-0.287973
0.49594
-0.596715
0.398967
1.88677
1.2097
0.046676
1.2173
1.55462
-2.86242
1.19319
0.0942146
-2.60505
9.20737
-3.76922
-0.575786
1.8782
3.46653
0.39648
-4.54991
-0.352142
0.988647
-0.368321
0.72518
4.03038
-0.56967
-7.10576
0.140311
-1.99216
-0.517844
0.420939
-0.640985
-1.89594
-1.96671
-2.1144
0.24745
4.41075
-1.22106
-1.55693
-0.0843361
-0.155417
2.40932
1.71417
1.14439
0.117194
-0.0871935
-0.863701
-1.60077
1.03475
0.116516
4.73405
9.69288
-2.78258
0.273749
-2.13053
-0.337379
-1.0378
0.560376
-1.00542
1.31577
1.69819
-0.505598
-5.55241
-2.11834
-0.922145
-0.761828
-0.642308
-0.495274
11.3668
-0.33568
0.681431
5.25088
5.80716
0.00752596
0.0279221
6.10135
0.391708
0.989504
-0.0444995
1.48327
-2.98986
-8.92023
4.20167
-0.475475
-1.72699
-0.567507
-2.52466
-2.00445
-0.670039
0.697085
1.95194
3.58157
-2.77914
0.646406
-1.47522
0.467194
0.016429
-0.505621
-2.91475
-0.534693
0.664457
-1.01442
-0.441721
-4.71057
2.5491
4.69008
0.32751
-0.712905
-4.37793
-0.877859
-0.425465
-0.263122
-1.04497
2.08726
3.70825
-1.56818
0.599326
-1.39381
-0.543013
2.24543
-2.51063
-5.73227
2.93433
1.003
-0.861975
-0.432681
5.27159
-4.54283
-0.190323
-2.19868
1.66438
-3.43443
0.989595
1.15082
0.992155
-3.15492
1.63925
0.858901
-2.14506
-1.3853
6.92795
1.31382
-2.43105
1.41261
1.83208
0.496123
-2.89258
1.99278
0.608239
-2.79872
0.688101
2.07388
2.35535
-1.90082
1.42474
4.58094
0.980551
-5.02974
-2.12096
0.615167
1.05946
0.271677
-0.513907
3.5337
2.77787
1.95544
-1.22731
0.236016
-1.32467
0.774697
3.75319
3.31708
-0.64208
-1.0621
0.482241
-1.65251
0.70097
0.90235
0.186954
-1.91692
3.94835
-0.349332
0.509788
-2.94294
-3.2076
1.32686
1.08333
-2.72535
1.09419
0.590118
0.143341
0.248052
-0.179153
-11.7071
-1.84046
-0.549453
0.209327
1.90947
-1.96807
0.977969
-0.0714263
-3.27188
1.10133
1.38626
4.13163
-1.11322
0.17394
-1.49115
-0.726029
2.36593
0.297256
-0.619277
-4.17989
-1.82044
-0.402918
-2.53722
-3.38777
-0.164339
6.2769
1.93906
0.886056
0.167776
1.30093
-1.45032
-1.21051
-7.91726
5.23843
-1.53381
-1.34568
0.857835
1.10847
-0.649349
0.131241
-0.036556
2.95175
-3.35795
-0.397377
-0.0264781
-0.414118
-0.271223
-0.238459
-0.246389
3.6358
1.92796
-2.0757
0.102408
1.02654
-2.72756
-2.08487
5.25716
5.67297
3.27942
0.0961079
-0.50488
-2.10949
0.0837239
-3.69437
1.18786
-0.019013
-0.104199
2.96197
3.33183
0.674646
4.92681
-1.4434
-4.68146
-0.68815
-1.78855
-0.0410071
0.502196
3.77155
-1.14539
0.876339
0.427065
-0.0378811
-0.749675
-1.20241
4.93788
0.550857
1.40617
0.825567
-0.896743
-3.64413
-1.13199
7.73689
-0.799939
1.22282
-0.765544
0.691421
-0.0136907
1.79832
-0.00837271
0.524235
-0.0449268
2.66052
-2.91051
-0.277152
-3.23268
-2.78539
8.54172
-1.71394
-0.866504
4.5575
0.298886
3.23027
-0.674756
0.379002
1.36752
-1.11825
1.1813
3.79272
0.647093
4.15251
1.43219
3.55464
0.831908
0.672445
-1.32091
2.88899
0.789834
-0.199583
-2.54571
0.0201115
-0.222781
-3.24931
-2.67152
0.695791
-1.61532
-0.787988
-1.0857
-0.422182
3.34424
-4.0662
-4.88853
0.520521
-2.13892
2.13686
-3.61732
-0.386612
-2.44484
1.09481
1.17957
0.800851
-2.96303
1.63443
-2.5279
2.07127
-1.10816
6.82637
1.06424
0.431444
-1.11059
-1.7533
-2.46741
-7.96191
0.258831
2.36166
-2.65875
0.886888
-1.90744
4.24862
4.0053
1.771
-0.410859
-0.145412
2.87404
-2.7757
4.00087
3.99819
-2.26281
0.102979
-0.659414
-7.18927
0.51287
2.67891
0.082795
5.8063
-0.120564
-0.499853
0.30679
3.61094
-1.60111
-3.09117
-0.590522
3.05836
-0.183579
-2.29341
1.62049
-1.47541
1.03202
2.66157
0.218442
1.5855
1.21321
-0.00746013
6.30399
4.16376
2.85951
-0.161737
1.78354
5.41441
-0.838081
1.9846
-0.08496
2.11556
2.00849
-0.482853
1.08202
-2.50387
-8.09833
2.628
-1.95308
4.58136
-0.349224
-1.51995
0.939991
0.453441
0.511158
0.46184
0.533462
3.47214
-3.61869
-0.854624
6.5309
1.22759
0.0166393
1.23125
-1.14241
-2.00664
-1.37551
-1.46892
-3.21534
0.181299
1.2443
0.122725
3.12613
-1.65292
-0.236157
-5.02712
-2.5092
1.40033
-0.542352
2.66856
2.06299
-0.396432
2.164
-2.89625
0.199444
-5.81241
-1.25179
1.89243
-0.742018
-0.254851
1.19727
2.97663
2.29252
2.75157
-4.94978
-2.4252
1.89846
2.15807
2.43926
-0.60981
-0.507239
0.261508
-3.51328
0.288144
-1.28662
0.682711
2.4396
3.81082
1.74314
1.24934
1.23637
-0.12951
-0.284086
-0.939668
-2.65437
1.44154
4.40002
-1.03823
-2.46243
0.360157
-6.17093
-2.70766
-0.743255
1.56129
-6.00261
-1.08579
-1.08216
1.44828
-1.43551
-0.52041
-0.326758
-1.79185
2.60999
-0.974232
0.224501
-0.356668
0.130057
-3.86341
3.16821
-1.83756
2.0899
-0.0147046
5.99007
-0.608329
1.786
1.64705
0.639006
8.05996
3.8553
-0.700982
-3.70186
-1.17865
7.54451
-1.38327
0.983307
-0.302775
-0.909805
-1.66755
1.15855
3.15562
-2.19876
-4.11874
0.337376
-3.04522
-0.578477
1.43385
3.09397
0.96469
1.11062
-1.98522
-2.90993
1.10821
1.01127
1.08523
1.27027
0.319395
-1.01946
-0.2844
2.27937
2.62631
-0.796315
0.909827
3.11323
-0.245546
-10.1371
-0.855861
0.887745
-0.679959
-0.792702
-3.50903
-1.50804
0.169964
1.59392
-1.74882
2.53052
0.866774
2.13621
-1.42681
0.0427096
0.598357
-0.971196
-6.4827
-0.0744159
-7.2302
-0.961514
2.36512
0.131269
-0.138571
-2.42623
-0.660591
2.77577
0.511613
2.65122
4.43667
-1.6566
-2.30268
1.14231
0.434105
4.7264
-3.76534
4.03864
0.643997
-0.153541
0.764811
3.31833
0.964572
1.60251
4.32537
2.52571
1.50948
-0.301378
0.910794
0.740917
3.66863
0.363104
0.884895
-1.78312
-2.71971
1.65876
-2.01341
3.52782
-0.76825
-0.364327
0.0157434
-3.69404
1.27855
1.58999
-0.980152
-1.64178
6.5824
5.21551
2.23146
-1.16277
0.282712
1.00551
1.84915
0.691371
0.178104
-3.17399
0.75316
-1.39559
4.33994
0.113908
-1.49765
-0.417899
1.48779
1.18082
-0.0230429
-0.118838
-0.746956
-0.0276102
-2.2157
2.29437
-3.24551
1.34745
1.13095
2.25198
0.403938
-0.177912
1.31357
-2.71339
-1.26505
-0.968876
0.0202694
-2.63454
-0.885897
-0.854864
2.5769
0.48409
2.00363
0.16622
-0.439256
-0.335777
0.358388
4.14806
3.07214
-0.0921591
-4.43249
-0.0725982
-1.6875
0.388536
-0.122802
1.79167
3.77607
-4.86705
0.104993
-1.24382
8.43638
-2.35141
1.0967
0.0957
0.0558342
-2.18209
1.08871
-4.45963
4.07094
-2.28688
2.26596
-2.08254
-0.104396
-1.6041
4.2192
2.63458
4.55637
-1.53008
0.945132
1.02488
-2.7855
-0.34824
0.125151
-2.06194
-0.120706
6.884
0.348463
-7.65159
0.715182
-1.55386
1.19507
-0.285596
0.703004
0.823895
6.28185
2.07568
0.659773
2.40416
-0.702862
-0.815083
4.11771
0.888857
-0.820902
2.57079
-0.318168
-0.0589053
-0.938949
0.937773
-1.83681
-1.097
1.43915
0.240792
-2.92416
-4.82346
-0.260982
4.98939
-0.0951542
0.437249
0.274838
-1.31403
-4.16708
-2.23542
0.86447
0.536105
-1.54575
2.196
1.54401
1.47729
2.96978
-3.45407
0.230032
3.90619
-0.618404
1.91811
0.384834
0.0298277
-1.16446
1.09785
1.22454
-1.51116
1.43963
-4.66824
0.199276
-1.39134
1.88835
-0.0703791
-1.3431
-1.62405
1.99677
-9.09455
-1.16828
2.5442
0.764601
-1.85866
-0.502954
0.922075
0.871321
-0.431062
1.64753
0.138001
-0.208154
3.40338
-3.23718
0.337697
-0.941597
1.00063
0.331708
5.35328
0.303566
-7.45493
0.857101
-5.26299
-5.41098
5.36253
-3.32394
-1.60209
-0.694026
3.2437
-0.259511
-9.14497
1.71647
0.495204
3.02046
3.94218
10.9809
-2.94696
0.549829
-4.78205
-1.36648
0.0458555
-0.250238
-2.65394
0.74887
2.50192
0.320741
3.52626
-0.553517
-4.30381
-2.70662
-0.5398
-2.13133
3.07488
0.683264
4.13681
-2.64846
-0.0697187
1.0103
-1.96362
0.022013
0.0403319
-1.226
4.05677
3.63509
1.81521
-0.380314
2.95406
2.24904
2.44851
0.395982
-2.93602
-3.11195
3.53344
-0.153678
0.895291
0.67088
-2.34046
1.52496
-3.3007
-6.31324
0.755749
1.92877
-1.41673
0.194486
1.14499
0.375894
-0.507879
6.37669
0.892523
2.55105
0.975074
-1.14172
-0.521278
-1.79031
-4.79933
3.78186
-3.08204
-1.42338
-2.67209
1.1168
-10.2601
1.11657
0.520091
-2.1375
-0.770684
-0.0873718
0.046164
-0.336421
-1.51517
-1.7648
-2.45753
-1.83239
-6.18404
-1.07667
2.47614
-1.25441
-3.09496
1.7768
2.24042
-1.77766
0.59916
-0.372966
-2.49923
2.48683
7.41664
7.8617
-5.29381
-1.424
1.24689
-1.21178
-1.50697
0.927618
2.89746
-4.32849
0.236071
-0.601846
-2.16929
0.95012
-5.01052
0.541161
0.0321397
4.9654
1.15488
-0.649466
-1.71856
1.75388
0.361277
0.666822
2.83846
4.42444
-2.85543
-0.463651
0.0669586
-0.670263
0.914977
-0.769824
6.46167
-0.936593
-0.797247
-2.70828
-3.34182
-7.58755
-2.48741
-0.319896
-0.277116
2.75772
-0.452283
0.665483
-1.07492
0.931
3.36973
-0.0360425
0.169286
-0.147653
-0.683833
0.381144
-4.31287
0.386117
0.949402
3.31181
-1.10123
0.865841
-3.17569
3.8187
-0.0998673
-1.26488
8.18546
-0.111588
3.7024
8.79771
2.02541
-0.570513
6.10096
-0.0500253
-2.68147
-1.12511
-0.224906
-1.18289
-1.65854
-0.00575349
-1.43563
-5.22759
2.19334
1.45822
-4.19653
4.02435
1.85741
-1.1297
0.144005
2.01123
0.110976
-2.03826
0.737601
3.96879
1.34866
-0.95199
-0.00501302
0.606859
1.87106
2.32127
-0.435575
2.5641
2.39197
-2.2634
1.03943
2.89021
2.61668
-1.18434
0.710771
-2.00262
5.10513
0.824426
-0.312995
0.455803
-1.50404
0.947623
0.553577
-0.188722
-0.0204222
-2.62312
-4.22491
2.11836
-0.313559
0.566789
-0.766314
2.58835
3.66099
-0.745956
-0.17361
3.7186
0.484732
-3.47715
-0.984984
-4.11629
-2.91971
0.0520655
0.975416
-0.447981
-2.38729
-1.05527
3.79951
0.272395
-5.52274
-1.74474
1.29293
0.993754
0.119548
-2.61528
-1.25481
-9.406
-1.5157
0.19057
8.77313
-3.06137
-2.64934
-1.21505
-2.03279
-1.41073
-3.60361
0.105853
-6.1655
2.24337
-0.145325
-8.61107
1.00255
0.449646
-0.445924
-0.662643
-10.9113
-1.93028
0.570421
-1.05434
-1.1201
-0.42047
-0.685597
0.229762
2.05719
0.852956
-1.54975
1.27743
-1.32491
5.20247
-1.28695
-2.8241
3.12368
-0.788094
3.21296
-0.128944
0.372376
2.68045
0.327093
0.263975
-2.48061
-0.478425
0.686383
8.26578
1.14536
1.06427
0.343607
1.30663
2.11031
-2.51419
2.50194
4.29204
-1.34619
-0.216471
-1.10911
2.00248
-1.25027
2.26863
-1.29317
-0.0551338
1.75095
0.298762
2.06866
-4.47054
1.32532
-0.216642
-8.33922
-2.14152
-0.758217
-0.623912
-2.79447
-0.795739
-2.40007
-0.177464
2.03103
-3.54268
-0.188873
-0.162717
0.0602815
-0.620241
-0.55553
-4.82371
-0.535578
1.41184
2.68862
-3.57141
8.14678
3.52528
0.989239
1.13925
-1.39817
0.2679
-2.16866
-3.55828
-2.88856
-3.47489
-0.0954394
-3.27957
1.76898
-1.78428
1.64437
0.084307
-5.9867
-0.285899
1.48843
-0.729423
0.233843
-0.453167
1.73691
1.14348
0.934387
0.376227
-2.52309
0.358654
3.94898
4.89431
0.151104
-2.86433
-0.19674
-3.31665
-0.542059
-0.550584
-1.1254
-2.51847
0.372606
-1.09992
-3.91063
1.89322
-5.66998
-3.96812
2.96014
0.023448
2.89607
1.72348
2.30022
-3.28878
-0.986358
-1.26633
-1.02319
-1.30133
1.48068
0.125442
-0.334586
-1.6035
-0.341968
-1.92025
-3.05307
2.37458
0.894378
1.13156
-0.150114
2.35521
-2.17879
-2.09475
8.3679
-7.63835
-1.10465
2.49358
-0.305116
-3.88349
-1.13017
-0.0968635
1.56674
0.79677
6.3798
0.689788
-0.577079
-0.48153
-3.74416
0.799413
-6.46434
-3.53368
0.235284
0.205027
2.09107
0.759131
2.08753
8.26884
0.461137
-1.53051
0.269654
0.257411
-7.3605
0.431866
-3.14116
-3.77232
-0.890574
-0.309114
3.16412
-2.15125
5.01874
-0.155954
1.12488
2.14631
-0.324644
-1.75538
-1.20821
-2.7603
0.794418
0.625947
-0.514468
-3.81713
-4.41438
1.01824
0.920634
-5.71124
-0.997258
1.27767
-0.834404
-0.527526
-4.96147
-0.0841501
-0.404494
-0.165049
-9.11127
-1.71652
5.82748
0.336358
0.217809
-4.25349
-0.871471
-2.46447
0.468117
-0.0347519
2.12852
0.900204
10.6133
-6.98361
-4.66561
-2.44761
-1.44339
-0.0212454
-2.20125
1.73761
-0.388544
0.0282538
-3.82719
3.54477
0.117022
0.366651
-0.480657
-1.68793
-1.61127
-1.67652
0.226963
-3.98378
0.538636
1.31045
-3.82468
-1.89217
-10.7027
0.101209
-4.20158
-0.0882915
-2.67694
0.0375511
0.0234042
3.04561
-0.846192
-6.12683
-4.80327
-1.57605
0.561
2.89892
-1.05736
-1.06791
1.29669
-0.684678
-0.908604
-2.09244
-0.47538
2.47534
-0.0502036
-1.54634
11.2088
2.28588
0.942777
-1.94316
2.72862
-0.158587
-1.45456
-0.590038
-0.807869
0.63762
1.97784
1.77046
1.2107
-3.25445
2.56019
-0.419017
0.0456264
0.414695
-1.85822
2.37544
0.0803283
1.74164
2.76059
1.80063
2.17069
-0.780561
1.18064
-4.78933
4.37376
-3.29553
3.514
5.34003
-0.0366347
0.367589
2.76665
1.15861
1.91166
-1.54012
-0.401705
0.838139
-0.433939
10.0165
-2.43005
-1.23525
-1.8534
0.124078
-5.20469
1.65574
0.232139
-1.2679
0.52584
-0.423863
1.99101
0.639842
-3.01822
2.08264
-0.600483
1.70857
0.550778
0.170062
-1.91593
-0.660629
-0.023112
0.732124
0.657684
-0.103161
-0.617085
0.483823
-0.343803
-2.15318
1.11284
-6.35619
-1.80136
-8.01549
-1.48439
5.58276
-6.84433
-0.595933
-1.18005
2.91433
4.19729
-8.75843
0.19331
0.489408
1.84387
0.553127
-2.4195
5.66232
-4.54556
-0.322733
-1.90159
0.00339283
-2.00819
-0.350062
-0.964029
-6.53326
-1.01223
1.61029
0.413731
0.078536
3.74416
2.03234
-0.219075
2.01519
3.32817
-2.20716
1.23313
0.523202
2.73764
-0.554162
-0.194807
3.55723
-0.377303
-0.517339
-1.95866
3.96988
-0.739419
0.618507
-5.25745
0.377685
2.00961
-0.0730779
-0.180057
-1.06483
3.36327
-0.36858
-0.177898
-1.43081
-9.45901
-1.43961
1.76292
3.6425
-1.77064
-1.52503
-0.123003
2.05714
-15.8624
-0.280237
-4.54615
-0.473098
-2.13555
1.9477
-1.09984
-3.42176
0.434679
0.669002
1.80336
0.0672461
1.03801
0.16281
-0.76703
0.588667
-2.4362
1.06666
1.43542
0.248139
-2.19094
-1.89108
-10.3354
2.21886
-0.531116
-4.65933
-0.686374
3.64702
-3.76684
0.466248
1.98302
-0.646557
0.701699
-0.988024
0.236965
-0.67503
-0.805467
-1.24483
0.994148
-0.381418
-0.731634
-0.188432
-0.131376
0.976044
-1.20895
-0.344718
1.83279
0.379559
-0.363295
1.25682
-1.03826
0.520796
2.20205
0.663771
2.17309
1.41156
-5.65178
-2.65729
-0.972511
-3.77883
4.9683
-3.73855
1.32606
3.55457
0.551685
-1.11053
-0.416768
-18.7285
-0.440306
1.38947
1.59006
5.50118
-0.473259
3.06044
2.01858
-2.36688
0.440481
3.59759
2.16899
-0.321275
-1.75143
-2.41215
0.357575
-1.24581
-3.44651
-1.04466
-2.51115
-2.69205
0.0995811
1.5613
0.580615
3.78571
-1.38796
2.31998
0.490952
-0.801158
-1.75209
0.174435
3.29631
2.02806
-0.620377
-0.201169
2.16056
0.359545
-4.41178
-0.0407449
7.35816
0.881046
0.360961
1.15642
0.298832
-3.40061
-2.96188
1.98296
0.709994
-0.717128
1.5284
1.32888
-6.93748
-1.2192
-1.19044
3.88399
1.41079
0.461696
3.12038
1.47457
1.27207
-2.43992
-0.0356301
-0.907385
4.83619
3.1874
1.72239
-1.28779
-3.12452
-1.09326
-2.90021
2.95684
0.586301
-0.699139
1.31863
3.66894
1.25069
-0.0186842
0.489181
4.65072
-8.33598
5.28276
5.77381
0.638218
3.52943
-1.30739
0.745557
0.78462
-0.4507
1.93948
0.529899
2.24428
-3.7166
-0.0215448
0.376291
-4.17504
1.25459
0.132702
1.00528
-1.01517
3.42834
-7.93819
-2.87059
-0.721152
5.37551
-3.38293
-2.49703
-1.78733
-1.89505
-0.0585334
3.32471
-3.76373
-0.536355
2.97189
1.93791
3.54343
0.683184
-0.571834
-7.9215
-0.0575692
-1.073
3.84357
-2.26732
-1.12381
-0.256614
-0.0364386
-2.62715
2.0325
3.08613
1.05644
-0.229308
1.06862
0.246952
2.10935
-1.96531
1.80658
-1.66189
-0.000390441
1.20507
-3.02698
1.95588
1.48919
0.736407
-2.0685
3.28325
-0.471968
3.89187
-0.607665
-0.218882
-0.926815
-0.268268
1.63882
0.79871
0.752536
-2.1311
0.81958
0.36071
-2.18721
-1.18144
-3.45891
-1.35404
-0.410166
0.0993862
0.447165
0.59799
-6.77366
-3.33064
-0.800892
1.196
-0.175122
2.26661
3.21337
-2.31814
0.207087
6.67674
-4.76078
1.9305
-1.70244
-0.387921
-0.0368685
-2.21074
-0.78952
0.486032
-0.112997
-1.55558
0.060711
-0.734475
-1.02596
0.680186
-2.20752
-2.86757
0.854813
-6.64542
-0.813882
-0.417497
0.901377
-1.13283
2.09721
-3.68307
0.712399
-0.213827
-0.0277555
6.48821
3.68076
0.160805
0.615647
0.515294
-0.193091
-2.85604
0.00925734
3.02089
0.42236
0.667458
0.832995
-3.94599
-1.51526
-0.722159
-0.180698
-0.964764
4.91523
3.79956
-0.576559
-0.911793
0.282875
1.16469
-0.511989
2.46516
0.792971
0.363732
-0.652742
0.509786
-2.50127
0.451613
2.10976
0.178001
-3.2179
-0.212916
0.361534
-1.11436
1.97699
-0.525828
-0.131273
5.02754
0.641493
-7.36492
1.57889
-2.68539
0.309225
-0.650068
1.32279
-0.208017
0.0600578
1.90595
0.845543
1.5017
-1.31906
-1.09855
0.447324
-1.2753
1.65596
1.06628
-0.976404
1.82797
-2.65295
-1.19602
0.471189
2.52173
-0.529242
0.0424568
-1.47519
0.252695
0.891866
0.515
0.428126
0.209322
0.840989
-8.0295
2.28955
-1.78679
-0.76301
-1.89815
4.05444
8.42895
0.237602
3.34172
-1.03438
-1.14786
-4.70178
-0.286743
2.42291
2.51201
0.369257
6.13175
3.30998
-0.378703
0.16959
-0.128306
0.87327
4.07124
-0.0713221
-2.80076
-0.0320074
1.33575
-1.40674
-0.307942
-1.95828
-0.884392
0.95768
-1.92858
-1.80833
1.04806
1.58981
0.638172
0.784543
0.711867
0.44452
0.114406
3.91462
-1.39971
0.867648
0.325573
-4.73912
-1.02375
1.44588
-2.4294
2.73422
-2.80066
12.1294
4.8023
3.56022
-0.320207
1.26964
-0.214061
-0.330454
-1.69545
-0.208466
0.0700924
4.00742
2.96363
3.15837
1.38742
0.0635244
-7.94555
0.162034
0.106459
0.938138
-1.32845
-1.71919
0.888812
-2.23574
3.9868
-0.242132
0.638984
-2.4934
-0.0734057
0.240569
-0.939331
1.7352
0.570038
-3.38777
7.18685
1.23682
-0.184011
-2.89962
-2.71238
3.66977
0.627027
-0.042311
-0.261127
-5.74961
0.725965
-0.561406
-4.99542
0.970492
-0.173364
2.21174
-0.519252
-0.824724
-4.02172
-4.85852
-1.70479
-0.13741
-0.346277
3.44086
-0.119774
-1.71436
2.63504
-4.36313
-1.67508
0.129971
-0.494124
3.46279
-3.88555
-3.70922
0.719371
-4.17418
0.524373
3.32589
2.28444
0.231805
-2.5927
-6.34298
-0.672185
-0.0546106
3.09245
-0.454252
0.824328
3.3598
0.678168
-0.487421
-0.327523
5.99931
-5.82847
2.56901
-0.420937
0.60983
-3.07461
-4.19079
-1.16461
0.51997
3.59094
-1.78099
0.327763
4.03749
-1.72335
0.959604
-0.0784577
-4.9808
6.61051
1.29149
3.98556
-2.0386
5.56319
0.254858
-3.33012
-0.832606
-4.50184
-0.995534
0.594487
0.166895
-0.114157
-0.72366
-3.58431
-0.50028
5.855
9.07987
0.0954854
-4.30137
-0.816507
5.55066
-3.00569
1.06653
3.61491
-2.03997
-2.20329
0.734109
1.77986
-0.50932
4.30829
-1.21779
-2.72169
5.66981
-1.14883
-7.20562
1.04428
-3.83735
0.285416
0.0950607
6.07224
3.14205
1.68416
0.0951137
-4.22055
-1.13821
0.385213
-3.05136
0.52788
-0.401405
1.35283
-0.834524
2.62529
-1.87009
3.25319
0.55952
3.04386
2.16053
0.891667
-2.41915
-1.93556
0.0486142
-6.78943
-4.84883
1.13686
0.55761
-3.82292
0.413111
-0.0527041
2.86757
-2.30172
-0.958929
-0.242823
0.234233
2.93039
-0.375884
0.873445
7.91116
1.58309
-4.35543
2.09461
-1.69499
0.180548
6.54339
-1.24678
0.336902
3.46987
-2.19599
3.99852
-1.84366
-0.0934073
5.04921
-4.04663
2.32578
3.01566
-0.335419
1.89614
0.448865
2.68626
2.22705
-0.468253
-1.70373
-0.450998
-1.09143
-1.49711
0.60169
5.54616
6.29235
-3.77015
-0.391516
2.07781
1.69218
-5.68846
0.216794
3.69137
-4.68767
1.27086
8.16234
-0.443621
5.22931
-2.5545
-0.78431
0.419463
6.37864
-1.31966
1.69305
4.12272
-3.57573
-4.48752
-0.819551
-2.01943
-2.54661
-0.194537
3.41691
2.33907
-2.21712
-3.06595
-1.13462
2.74742
-1.87095
0.602871
-0.953238
-0.167223
1.69002
-6.73276
-5.50677
3.81705
2.36801
-0.763587
-1.44376
3.99404
-1.08222
2.57137
-4.1818
0.153538
-8.67635
-3.00563
1.72608
2.81652
-0.794527
3.93522
6.8965
0.292741
-2.21069
4.71409
0.628454
4.25102
-2.13953
4.79007
7.57544
-0.821145
-1.00384
0.605558
-0.503352
-1.45272
0.498987
-1.98925
6.70962
0.273129
7.14061
1.00667
-0.426108
-0.314778
1.37692
0.708578
-1.33286
2.03255
-0.119727
-2.75421
-0.726853
8.02999
-1.21455
-3.95012
1.24433
6.71189
-0.00507192
0.526552
2.33199
2.31977
0.301956
6.03198
7.26077
0.903386
-0.0395642
6.30921
3.09963
-2.16478
-0.238236
-2.52835
0.311459
0.068219
1.12796
0.332738
1.42953
-1.81813
1.14747
-3.16486
-7.89675
-0.551578
-4.69438
2.84293
-1.93293
-1.04841
5.45143
6.30563
0.377966
-0.835823
0.598831
-4.73447
0.0342324
0.509534
-8.61406
-0.554901
-1.81663
-0.146703
-0.81511
-1.32575
-2.20574
-0.052995
-1.30099
-0.755211
1.685
-1.13771
0.566444
4.72088
0.735344
1.27134
1.78702
-2.29471
0.0117851
-1.65891
0.775101
-7.23621
-1.64104
1.10923
0.778307
1.15318
3.02331
3.62961
-6.97688
-4.98307
-3.24241
-1.05148
1.46357
-0.991986
-3.4615
-0.572951
4.82038
1.09731
1.67345
-0.0281208
1.71283
1.37918
0.378914
-2.14363
1.80508
9.25866
3.93947
2.76922
0.684352
8.22906
-0.955366
-2.39691
-1.27446
1.6393
-0.532878
4.94384
-2.64813
-1.7141
0.44457
-3.11376
-0.331423
-0.275019
-0.493933
2.23878
6.74716
-1.82004
0.0222166
3.40305
0.184259
0.957102
-1.42313
0.74038
-0.268106
0.185488
-1.89062
0.203133
-2.15586
0.706808
-3.48126
-0.90094
1.46769
-1.73842
1.34352
-0.183262
0.380156
6.16563
0.621574
2.74039
2.78191
-0.831934
-7.44665
-0.580562
1.38964
-7.39106
-0.0636568
0.383484
0.0273842
-0.26444
-1.56335
0.476246
-0.218036
-0.504603
-1.28943
-3.2593
5.58863
0.508065
-0.165629
2.37857
-2.74136
-3.11464
-0.987973
2.22917
-2.25176
3.11562
1.24922
1.10728
-0.945429
-0.895471
3.19887
1.63306
-1.85011
5.2931
-3.83671
0.838267
-1.09281
-1.55325
-0.50898
1.12491
-0.782069
-2.78174
0.301543
1.62105
-6.25609
-2.21064
-5.43624
-0.944217
1.35212
-1.28554
-2.03611
-2.05181
4.90809
-1.82225
4.63528
7.34522
0.030945
0.0296842
1.86974
-1.27984
-2.73814
-0.61993
2.7063
-1.33329
11.9191
1.25565
4.61317
4.73541
-2.08862
2.10293
1.70983
0.844133
-1.33482
-0.412463
-0.523669
-0.280785
5.15818
0.961076
0.266632
-2.5759
5.80767
-1.50993
-0.503612
0.506073
-1.29441
2.76372
-3.2411
-0.0144028
10.523
0.451472
0.194302
-2.79666
-0.670939
0.634267
-2.33446
-6.559
-1.89543
-4.59486
0.984537
-1.70926
1.02952
-4.95767
-0.988585
-1.90141
0.922529
-0.5437
2.8542
1.11634
3.30706
2.47889
3.80154
2.13732
0.0215527
-1.02251
0.979958
1.12808
-1.04594
-0.332689
0.193713
-0.300576
0.228599
1.26801
2.73817
-0.360241
1.95086
3.30926
-3.55171
0.0377568
3.6258
0.0272417
0.496773
0.977313
0.0961834
-5.63159
5.25807
-1.48772
2.4434
1.58902
-0.230454
0.829464
-0.0658078
0.909809
-0.46099
1.54746
0.441648
0.964211
1.01458
0.984193
1.27606
-3.41418
1.6638
2.54315
-0.949646
-3.86096
3.7119
5.35881
3.12372
2.23694
1.01487
0.259286
0.925532
-0.0296677
-0.820931
1.73582
-0.500825
-3.1613
-1.74911
-0.141357
0.10658
0.33058
3.88355
-0.362206
3.43949
-1.16225
-3.60812
-5.91685
0.328602
4.40382
-0.158942
1.20116
-1.00206
-2.96648
-8.66653
-4.70072
0.757933
0.577039
-5.42277
0.406777
-2.04117
1.93066
-2.23348
0.991146
-0.829946
0.465795
-0.362321
-2.5278
0.0336157
1.39522
3.03152
-0.576896
5.77089
-0.262589
2.60771
0.445334
4.03736
-1.26191
4.27324
0.879412
-3.8801
5.29761
-4.20374
2.45617
-3.92176
-1.07656
-3.4348
-1.33739
-0.269326
0.597947
-0.401578
-1.14001
-0.591909
-0.606532
0.147849
0.513781
-4.16714
0.0488281
0.71927
1.89911
-0.959221
6.29946
-1.45898
-3.23845
-0.415922
1.59126
-1.57081
0.182625
-0.439965
6.4045
0.722822
-4.34998
0.456872
-0.929054
-5.32645
0.475915
4.20885
-0.542581
0.0197087
0.26449
-0.74064
-0.439288
0.898768
0.547151
0.468338
2.12759
-4.61921
2.8209
-0.174577
-0.187787
-5.15696
-6.57472
2.05664
0.667872
0.756593
6.22706
2.73993
2.88533
0.879051
3.83765
-4.97428
-0.198199
-0.99801
-2.84096
1.60602
3.34408
-0.453809
-0.101524
0.330001
-0.830367
-0.722828
1.11657
2.64668
-1.547
-0.383252
0.23455
0.183286
0.0321212
5.05823
-0.433629
8.90477
2.69522
-0.252942
2.5556
-2.43431
1.90103
-0.894939
-2.38517
0.0455582
-0.677159
-4.35268
-2.36129
2.87012
-3.18459
1.38037
0.686312
2.47794
1.79319
0.122567
0.179708
-0.0626708
7.77635
-0.966137
4.96474
5.76003
-0.960603
0.966567
3.17255
0.893535
-3.68465
6.67701
1.93617
2.84913
5.46801
7.34222
-1.18749
3.22368
0.025652
-1.67548
-2.28705
1.35016
1.97039
-1.50127
0.847306
-1.6481
-0.201106
-5.36016
-6.48417
-3.16973
0.925317
-4.23643
-1.54856
-1.68646
1.18607
1.74218
-0.0633658
0.486752
-1.15675
-0.809424
5.20291
-0.798347
0.0826969
-1.57242
1.2684
0.685635
10.1474
-2.02332
4.16887
-0.565555
-2.65258
2.2025
1.33406
0.20913
1.35397
0.816709
0.731726
0.245003
-4.80491
-3.45666
-0.10815
-1.38372
-3.27499
0.931292
0.865359
-5.62315
1.02739
0.0740707
-2.40819
-0.569692
-0.451948
3.9917
-0.364948
-0.679603
0.293107
6.25275
5.73768
0.448091
1.4339
1.16296
-0.205092
-0.552441
-1.57719
-1.03051
-0.277467
0.653565
2.49735
4.03584
-2.05905
2.83378
-0.961721
0.374995
-0.686892
-3.30046
-1.29676
-3.88767
-0.248115
0.415099
0.157974
-0.318739
-1.99747
-0.120315
-2.59346
1.03695
0.229156
-1.05532
2.59642
-2.81557
4.93565
2.25512
-2.18337
-0.13657
0.116348
0.506001
-1.75179
1.79563
2.55564
0.646668
0.00454347
2.50711
0.0229256
1.9099
0.425268
-4.56307
4.20903
-6.00523
-1.57129
1.86955
0.0947064
2.94683
2.79845
1.66404
7.67915
3.41143
1.45729
0.574782
-6.14746
-1.65595
0.638212
-3.57626
-0.259002
-0.818293
-2.44135
1.30666
-0.618836
-0.492683
2.27897
-0.989195
0.02162
2.87643
2.28015
-1.13175
3.91397
-0.916579
-0.927931
-2.34056
1.52889
2.38039
1.08995
-1.92199
9.13991
1.57168
0.544407
-0.469335
1.50371
-0.787115
0.102147
-0.318999
-0.303467
4.31181
-5.34952
-2.00358
-0.0708968
-1.14779
-2.69552
-0.60112
0.714625
-2.65136
1.06826
1.50839
-1.36487
-0.538299
3.46691
0.434984
-2.65864
-1.42854
-0.271765
-2.81957
-1.28844
-0.443786
-2.25562
-3.68482
-4.80707
-2.15324
4.3118
1.16647
-0.70107
1.33211
0.605027
4.85081
0.529792
-0.369812
0.8447
-2.57352
-3.71549
-2.44292
-0.638211
2.9728
3.85384
-0.29073
-1.10294
1.8828
-0.146742
-2.59298
-1.14901
-1.79146
1.15353
1.39813
-0.163568
5.15281
2.28121
0.420229
-3.62129
-1.22566
-2.88932
6.25143
-0.383337
-5.31767
0.0698018
-3.63848
-0.0391079
0.416996
-0.0766714
2.34836
-1.0915
-2.67082
2.36688
0.366491
2.20533
5.27888
-1.05629
0.0584787
-3.31777
1.76093
1.74896
-0.321191
-0.333687
-4.62164
2.27887
