-0.0662695
6.05614
-15.9886
0.680343
-4.15585
6.44265
-4.66284
-33.5733
-2.45725
4.32271
-14.1379
-0.409741
-0.147793
2.89534
-2.56492
13.0605
1.75982
84.1246
5.08198
-2.18855
2.69574
-4.96842
-1.39454
-3.99225
63.9265
1.12726
-1.65592
-1.49864
-0.925647
-4.92158
7.41464
-0.0404324
-4.95127
3.96555
-18.0871
-4.15833
31.6541
11.3413
-3.80572
1.63394
5.34132
-0.681222
0.480265
27.4491
3.66037
18.0205
-4.91805
101.552
-1.10621
2.76819
-1.40441
-0.708416
-0.621627
0.675745
-14.48
20.7073
-3.85154
-15.8894
1.17325
-0.160979
-20.2394
5.67597
13.6765
1.07648
56.6277
2.15843
0.0465493
-3.50496
-16.9506
-19.4392
-12.9073
2.07612
-0.814091
-23.2466
-44.1604
-0.0809423
-19.8254
-4.20763
6.4591
73.2417
-13.3225
21.5341
21.3972
2.8375
-4.37742
6.5582
6.743
9.63189
-2.8388
-38.7689
-2.80675
0.368264
-1.92689
-1.52026
0.747372
-0.936949
-5.33185
68.658
10.0784
-0.971858
10.3749
-4.14741
-4.18457
0.939916
-20.9123
0.63245
-21.247
-8.1989
7.42078
1.14886
-5.06121
2.85
-3.78256
2.91992
1.9143
0.0311039
30.6467
-15.5083
0.514355
-0.280403
-0.239084
0.948801
15.0236
8.59454
-6.36245
42.7945
-0.0775749
14.1242
32.1999
-22.2731
22.1906
-25.9573
-32.2693
-4.77309
-1.27274
-0.116754
4.78886
1.69877
-2.46042
11.8173
-1.87792
-3.72372
-5.46128
5.53531
8.00639
28.8232
0.414056
-1.95361
10.9059
-8.13088
13.7863
4.38384
-0.236113
-17.0156
-0.680107
0.0499211
8.7983
9.08184
-12.7913
10.2865
-20.6363
0.052307
1.33205
-2.91493
7.84717
-35.8765
3.97747
32.5348
16.7097
1.21512
-0.568676
0.579102
5.51379
-10.9764
18.6915
8.82532
18.6133
-0.54917
14.8865
-2.30395
10.5314
-18.4544
-84.0869
2.31636
19.9731
7.8206
43.8279
-12.2666
-60.7208
-0.405069
85.6419
-50.9547
11.8099
-0.649928
-1.38465
-0.152378
8.08341
11.437
0.0621743
14.4294
-13.3006
0.52672
39.7266
1.01786
40.6066
-3.24481
-20.54
-8.53688
4.98499
24.6576
0.155079
30.2217
-7.26875
0.229092
0.136418
-1.85798
-7.96799
3.676
-26.6444
-1.34453
-1.88116
-3.8164
0.499517
-1.72502
30.1144
1.99923
-1.9298
-3.23555
-0.152646
0.00486936
-0.310086
1.91556
27.4997
-2.17922
1.88463
-20.1307
-14.6357
-27.6641
-0.64439
8.40424
-0.229404
-1.19708
1.98286
-0.589693
5.38013
-4.59685
-2.16387
-19.5825
-10.3741
16.9185
-0.445332
0.0935875
-6.16791
0.942649
-8.06764
0.425425
-0.140415
18.2705
-5.75877
13.4451
-97.6332
-4.83538
-16.1311
4.46281
1.8901
31.7579
-11.973
-4.10153
0.795824
-1.30804
-0.00208339
0.161696
-4.76447
38.1378
27.8826
15.0039
2.39621
3.96628
-9.03727
-7.99448
20.3222
-16.5184
-1.74835
28.0571
-0.0198235
6.12042
-1.12194
10.5682
-1.42729
-4.31215
-33.8738
-20.6967
-1.99853
7.30465
-7.86958
-2.04471
1.32275
11.7341
-2.19255
9.92842
-25.1161
118.72
4.17889
-10.3215
-2.27955
-5.61392
-25.958
-11.0337
126.426
6.93495
-33.1821
0.0750705
0.870592
20.6571
31.7988
-2.42168
-0.392911
-78.422
-3.16376
2.18648
14.5559
1.03612
-19.118
-2.80787
-0.269863
3.24417
-0.6105
-2.3464
2.15682
1.34057
1.52259
3.64689
-2.66045
-5.03628
-37.2034
-6.87661
-16.0874
-6.65034
-0.512538
-2.44081
29.3892
-1.77922
-6.93356
8.32531
4.1098
7.3154
0.934659
-10.3695
-1.39683
-6.13849
-8.97633
-1.91465
10.5091
2.03049
-169.023
51.0937
-2.16434
48.5009
-2.82972
-0.26542
1.51574
-0.635977
-0.997689
-6.65015
0.414123
-18.1819
10.9651
-12.2179
8.77687
2.11794
3.52652
-16.9093
-0.118515
2.6378
-13.1979
-3.18537
2.96601
12.6429
7.97685
0.134226
25.2702
-1.10762
5.01525
-10.9852
-1.31813
-3.49582
23.2706
0.871281
-1.41299
-4.28549
9.45013
-6.06436
1.74265
3.59791
5.58833
-10.8562
-5.7342
-3.03478
1.51358
-4.57691
0.338126
9.78162
-13.5891
-15.0177
12.1424
-13.5617
-0.207969
-2.19476
0.687516
5.39652
-2.56518
-34.0532
-35.7171
2.96069
0.621033
-0.533072
-0.481105
-10.322
99.1364
0.445196
-26.521
-3.35245
-18.6573
-6.59974
-42.9135
13.0632
6.44929
3.86211
-0.915086
-21.9161
6.3235
-18.6481
-1.38921
5.05121
-5.30704
-48.6281
5.52721
-26.27
8.61566
0.580562
-4.38291
2.45949
6.88555
9.13095
-2.11026
3.79142
-0.297553
1.09012
135.321
9.98285
-11.215
-4.50553
-16.0504
-2.52439
-13.9976
-3.71525
-32.953
-27.144
-0.440446
-4.21676
0.277741
-15.3344
27.8545
-15.1535
-5.92788
-32.6447
-11.3062
-2.8328
55.0542
-7.25086
14.0101
0.627757
7.93177
9.2818
-0.991941
-0.380058
34.681
22.805
4.52526
0.160612
7.66386
14.2278
-64.3589
1.15458
4.25545
43.251
-57.738
1.63919
0.230867
37.8546
0.455521
-5.05141
5.55663
-3.61699
-0.433123
-12.0162
2.7806
-3.47516
-18.0505
-0.224502
0.0107444
-8.68197
17.459
-0.176373
-6.84426
30.3107
3.32667
8.00007
1.11034
1.45106
28.9887
-4.86521
-16.9543
-20.4485
-8.89927
1.5184
-0.167871
2.92329
-8.10536
-1.48988
-8.02237
-0.371808
6.5601
-0.257595
-72.4289
13.0596
27.5693
16.0875
5.48272
5.49146
-36.9001
3.87067
-7.82315
5.54913
-0.183298
6.00971
-0.0410975
0.100972
1.62905
-1.7684
9.20149
0.0192536
-20.9622
0.20886
-6.62387
0.156944
-0.200295
7.03081
0.391315
6.67361
-6.06725
-7.12979
1.51881
-6.41706
-0.138393
3.86223
-1.34547
-0.389058
5.38406
7.37904
1.32708
-65.3758
-11.6965
10.5149
-2.97037
-14.5034
-0.716362
1.68413
0.839311
19.8501
-0.880387
6.75383
-3.9524
-49.8946
0.768455
-5.88377
-0.432055
4.20863
-24.8325
0.819295
-1.22463
-0.944828
70.4514
36.8533
-4.13605
-11.6235
33.8383
15.7722
-3.96306
4.38375
63.9823
-0.527985
-2.06147
-0.960216
0.465812
0.5777
17.6974
-6.57739
3.61372
12.9781
-0.696437
2.1395
0.265294
-6.54839
1.11381
-8.11344
-47.3279
4.25834
0.905237
-4.47727
-9.41828
15.546
-8.77605
-24.7764
3.57058
-20.4928
2.26105
14.5488
-11.2616
1.07787
2.31998
12.9625
-5.09316
-13.505
-2.4239
-31.2086
2.56371
-29.1424
3.17814
-0.0966803
2.17181
0.0715686
-46.9747
-4.74742
-0.682175
-0.977735
-2.28803
6.45519
-22.8019
54.1531
0.0229307
12.1425
-95.4835
-2.75342
-2.8305
19.6302
-4.00375
-1.29299
0.263683
-9.92688
7.58148
-6.58297
39.5159
9.17415
-5.3394
3.12196
20.9008
-2.06678
-20.4759
-11.495
-2.24696
-5.1328
-1.02238
18.6917
-9.92935
-0.645926
19.361
-4.42404
-37.5557
-62.0842
11.5014
7.10595
-10.266
-0.691716
-3.98378
19.6542
-2.18574
16.3088
0.00111157
-9.90845
-14.3922
-6.43238
-8.41415
-6.21747
12.0472
0.0041078
-6.13843
-0.0202451
-0.808292
0.227895
-6.25071
-0.11323
-6.06261
37.3194
-3.24623
38.2343
-2.08043
4.31033
-0.0931335
31.653
-1.66701
4.91992
-1.00127
12.0112
3.87384
7.47039
-20.3857
6.57944
3.06714
0.845983
7.79482
-0.0366289
7.68746
-8.61412
3.03
13.6813
17.6028
-31.3594
-18.8268
1.32605
-22.2151
0.164092
0.65321
22.3787
-0.612705
1.22504
-12.9821
8.48858
5.46761
16.875
-3.74739
122.532
2.20892
0.720136
-0.635481
-7.12695
5.41559
-46.1059
1.60038
-10.6794
4.12154
-1.56184
4.75844
0.251404
-5.58647
-3.76422
5.26879
2.39081
-10.2323
-2.03344
-0.388381
2.23698
-68.8167
-4.07241
0.0349257
-31.8782
-39.9601
-2.75378
-0.122107
-12.8741
37.1875
1.78676
8.30757
7.43672
-0.228292
-5.39612
-0.267496
-13.8128
-2.03665
-9.67894
-2.58879
-13.6169
5.43304
-3.57568
15.215
-43.8632
3.28455
-0.934022
-2.98329
-0.890043
-5.70442
-6.86218
-0.15055
5.33572
-2.48952
254.686
1.32924
-1.17315
-23.3594
-0.440067
1.84874
18.9432
2.35715
-4.79546
13.606
0.0461184
-1.69376
8.02259
-2.583
3.33257
-0.283472
0.744126
-55.588
-6.33967
17.1962
-16.4728
-1.24336
1.50483
-1.83847
-1.7466
-5.37307
-28.5818
-20.7457
-12.5617
-8.23781
33.1552
-0.6448
-0.965861
3.73572
-8.13711
1.06447
-31.7484
22.4942
-20.7227
3.39028
2.90332
-1.11253
4.78267
-19.3808
12.6012
-10.9104
-4.71697
0.667348
-78.2741
-1.99435
8.66606
-7.46411
-8.97309
-18.5435
-3.29648
-0.307608
-8.5554
4.2648
-0.519219
32.762
0.853457
-33.2951
-0.518616
-3.1927
-1.97982
1.13486
0.20141
-17.0302
-16.3314
-15.7492
-2.96836
37.7677
4.95659
6.55273
-13.9747
27.8776
-4.35534
-4.17317
-6.32356
2.00565
-1.92506
-3.28928
-0.422429
2.1443
-28.9286
7.31221
6.01295
-3.08349
4.71202
3.7887
5.67401
5.91063
-48.9465
-11.0084
-14.898
18.3159
-2.91704
4.96948
-24.801
-2.55687
1.6489
0.97692
38.3282
-9.15782
-0.415137
-4.99396
75.8199
-19.0708
-63.2865
-4.15454
-0.861112
0.461443
-0.577699
-3.15449
35.7325
0.115406
-1.98762
-2.75767
-12.5549
3.357
-1.98769
3.61257
-32.5743
5.67245
-3.43216
-7.30897
42.268
-9.6627
3.06763
14.7704
-5.09189
1.55922
-0.351588
11.3932
2.36541
1.64644
-13.5363
10.1541
-0.698454
16.2133
3.4644
-2.89714
21.8469
-1.37684
110.749
-2.17529
2.27961
7.58406
31.3942
-4.18036
-2.61259
36.2726
6.90337
2.04095
-3.55774
-6.39961
2.03022
1.00455
-0.204196
-1.06923
9.48255
-0.00709288
5.04968
1.24384
-0.725065
-7.68127
-7.07861
5.04242
-23.2897
4.81849
12.2321
-0.550044
6.31875
0.750824
14.5843
35.2284
-20.7423
19.3534
36.049
-2.0976
-0.17748
9.55562
-0.199965
-0.08189
-9.35131
3.61517
-12.7929
36.055
4.9367
10.5523
-1.42596
2.95117
5.2137
7.60726
4.39231
-0.266892
26.9207
28.845
-1.69583
-5.77455
-3.56738
27.6733
46.8025
2.74638
-22.7609
1.56779
2.69539
-19.0147
30.6668
1.64581
25.1215
-3.16869
-19.1667
-5.12464
40.4711
-8.60668
-4.35449
1.3749
1.65368
-1.35749
2.54402
-0.409199
-2.32285
72.3766
0.387271
7.99147
-2.70211
6.85999
-1.36793
1.80831
11.8003
-78.3364
13.5515
-5.70567
-19.0372
5.70869
-0.500011
-15.8639
-4.6773
-17.563
-2.29247
2.45751
7.23565
9.67848
2.3583
1.58009
-3.81621
5.49796
8.07632
-8.62288
7.30289
0.0524842
20.2436
8.77625
-10.6134
54.9209
0.604426
-4.89672
-18.232
-16.9118
-2.66067
-15.3012
-5.48548
5.98356
-17.7237
-2.60789
-1.09129
20.4249
-13.5385
0.791048
0.825079
-2.3954
10.878
3.87695
2.85124
15.3818
3.36407
-38.941
-8.11722
4.81339
20.2207
1.78829
-0.0244286
-0.842327
-48.5681
-2.22159
-7.57198
-8.29749
-2.60928
-310.711
-29.5133
79.4828
0.769973
58.0735
10.458
-6.10156
8.41972
8.42036
2.3995
2.41843
14.6594
-6.59088
2.61549
-12.3511
4.33785
34.6941
-2.38988
5.83463
-4.72019
9.59107
40.1946
2.03922
-16.5003
12.6447
5.24367
-3.1994
1.62077
0.806997
-1.29391
-1.5367
29.3437
0.563714
14.9019
-8.23764
-60.7067
-11.5299
-3.44434
1.13947
-2.55292
11.8392
-9.57032
2.48722
-21.0662
-3.69678
3.51886
-13.4585
-10.4833
-9.79623
-7.06956
-11.4413
13.1431
-33.7993
5.15957
-18.6897
-11.9106
-5.27832
18.5878
25.1631
-4.84061
5.96824
0.525998
-19.753
9.63779
9.39759
-1.6517
34.0971
-28.2423
-0.560002
0.127857
-2.52074
1.08902
13.7915
-3.18551
7.30243
3.82732
38.4873
2.06437
-4.24753
3.29663
-3.07872
46.4588
2.87335
5.27517
-6.74222
0.139636
-0.391593
2.14835
4.90017
1.1642
12.6957
-60.9282
8.04945
25.3789
5.34392
24.3495
-0.581308
-26.6427
0.825859
4.48268
4.47326
-5.31927
-19.6481
-0.659219
2.51304
21.0416
1.11064
26.2505
17.3106
-19.5555
0.910781
2.9228
0.636779
9.36513
-17.0314
0.0218898
0.18001
15.2991
27.3458
-8.40573
-0.833254
-18.0448
1.03203
-0.390848
0.34595
-53.453
-9.72566
-15.4908
-1.21076
35.3642
-1.52781
3.33838
10.2241
-0.414713
4.92882
34.7955
-7.50978
15.3383
45.6443
-2.74872
-2.51178
7.75283
-4.41121
-6.49508
-6.50905
-20.8737
-0.685075
-13.642
0.104634
-4.42768
-2.86287
-30.3656
0.490649
-0.738181
8.90459
-89.6542
6.8675
-3.96064
23.1007
-5.05733
3.64379
-29.0105
0.820773
4.14113
10.855
18.5244
16.9188
-58.3084
8.1053
9.76731
9.20278
-3.72529
2.96483
1.72223
-55.5388
0.329524
-14.3871
18.1147
-50.5866
-10.2156
-1.1923
-0.277776
0.121044
-0.620457
-9.73143
5.52867
4.84339
1.75331
-1.17297
7.40993
-59.6809
21.1749
-9.15054
3.36087
-18.0064
-6.85906
-4.80253
12.9948
-0.989297
25.5142
-11.1182
-2.87627
-19.3037
-5.35905
-86.5394
-1.41235
15.8218
96.4611
-12.5814
16.0483
26.1466
-9.18711
14.9146
-1.06224
-1.64662
-10.1092
19.055
11.3719
1.88348
2.17856
9.84264
-0.340755
1.89323
2.18905
-21.8942
-15.1835
60.6833
-5.29495
-6.98779
-3.90113
-51.796
8.72047
-17.9599
-1.40246
-0.826326
11.5331
-0.145978
-1.92859
-0.0122265
-1.09865
-5.03896
-3.73966
-1.19033
3.11801
-37.245
5.60657
12.4304
-8.02039
6.88503
8.11043
11.6611
18.5864
-18.3806
4.73947
-5.76537
4.45238
0.880943
10.9423
17.104
-45.6754
-5.35067
-6.76272
18.9538
10.596
-6.04209
11.1528
-1.60136
-6.7399
-0.15075
-3.66074
11.2173
-28.5048
-3.9712
1.4711
-29.8983
-10.4931
-27.4224
1.13948
-6.21789
-42.9512
6.63748
2.04581
8.37675
2.64684
-9.96885
-4.08497
-1.1064
9.17239
16.5536
18.1836
2.39819
0.621996
12.4543
5.06062
-1.93686
-9.46152
30.4327
-4.28664
-0.383215
14.3212
-1.94969
4.64241
-2.18981
11.1441
15.459
2.94662
7.09695
0.558383
-28.6184
14.7053
6.53828
-5.69839
0.929661
-1.15089
-8.5872
-4.81952
7.1727
8.05438
45.9335
3.52423
-0.202149
-164.565
-3.14262
0.4327
30.4157
4.09979
8.05091
12.7185
29.9529
-0.010302
2.22495
-2.97854
0.263065
4.06293
-25.4905
6.96436
-2.65597
0.782825
-3.58719
-44.5824
-2.56522
5.73503
5.49253
-3.5327
0.984228
31.9761
-7.96723
10.2851
12.3667
-46.0485
6.07564
-14.7738
35.3972
-17.7224
-0.0313796
-22.0979
7.20929
-9.21211
-43.3328
-0.090519
-0.375301
-4.20797
1.28852
-0.472864
80.6353
36.2287
-9.54476
9.16475
13.2548
-2.24916
-13.2727
-0.494935
-12.6424
4.54101
24.8358
1.89009
24.9488
-1.245
-3.853
-0.0888723
2.33274
-2.72443
5.68344
1.14319
26.9802
-0.781972
0.0666324
-0.751562
-46.361
-11.6413
0.631024
2.73464
-1.03642
15.0216
45.8763
-5.49872
-6.56861
4.42041
53.8964
-67.3305
30.1899
6.25481
4.64383
-9.99563
-39.2738
-3.48339
1.12861
-14.4456
5.35366
4.24687
-11.5796
78.3928
-1.67074
-0.808685
15.2228
7.03659
-14.4241
-46.6008
43.2008
3.46002
-24.7584
0.048256
1.5034
-2.64955
-3.47887
-5.1158
0.29572
-9.32529
4.41069
1.45064
-1.15926
3.28955
-0.328081
4.27284
6.43886
1.71588
-2.79202
0.187062
-0.60584
-7.59441
-3.09106
27.7845
3.26887
-5.11538
-1.20695
-2.42083
14.1886
1.08773
-1.65884
-0.212077
-0.684946
-6.14696
15.4646
7.90403
7.87133
-4.47901
-3.27003
9.22295
-1.25879
30.4137
-18.1906
-1.6172
3.01665
8.94463
-10.208
-48.8916
0.37298
-3.53619
4.31798
4.5697
-53.0238
-6.89094
5.25905
-6.76901
-0.0568101
-7.43014
-14.1321
0.592704
-15.8148
-4.36656
-23.819
1.25953
-6.80479
-5.65693
4.69398
19.3153
8.67486
9.33228
0.195209
7.42767
-1.08561
-31.815
-27.7999
-9.14078
0.773112
14.7287
40.4348
12.5267
8.28868
-15.6985
-0.19851
-0.000186805
-1.52206
4.23762
-62.3825
-1.97117
-11.0982
-6.69829
3.0351
-0.129991
0.947586
5.01973
-3.40905
19.2615
-0.489009
14.1917
3.67608
-2.3672
24.3348
-0.489434
-0.0584039
-70.934
1.02759
2.20822
0.478757
-10.7208
5.30774
-36.0951
-11.2558
14.2746
3.08343
8.5091
32.4995
65.6228
17.4323
0.0367773
7.60602
12.0728
0.122722
-3.7502
-8.81389
-18.5618
15.4714
-2.28208
-11.7042
14.6819
5.26611
-11.9833
5.54169
-1.19119
-23.8517
-6.784
-37.8753
-1.92899
-18.6373
0.722017
-38.1121
9.73789
-3.52988
13.2111
105.803
-8.30459
70.0437
-6.23737
-70.7601
-12.2359
1.40204
23.7678
6.42052
2.69859
10.9037
2.82486
2.52196
11.9743
-6.3901
-0.923094
2.49672
3.94101
25.2685
-10.9005
3.06612
0.122889
7.10071
-6.65749
-12.5673
-2.47428
1.33885
42.5312
-7.47466
1.42289
6.75396
0.598119
6.33331
26.2717
0.502969
2.71496
-1.40797
-32.8222
2.77617
-29.258
1.49257
2.17928
-0.240904
1.35423
-3.96378
4.7301
0.931834
0.124697
-0.148941
-6.82625
-4.84661
-24.3237
-15.4164
3.08792
8.34033
7.36745
-0.656155
9.44708
0.226911
0.288273
-5.97224
-0.13872
5.82568
0.263321
9.86994
-9.36356
0.69385
11.6926
6.53661
3.79534
-49.5005
31.4226
11.6663
1.11777
-0.330555
20.9223
-0.093407
-0.715596
-1.63817
26.7328
-4.48739
-2.52665
6.33149
4.31796
-10.0759
-4.65695
4.79005
37.1442
-29.7463
5.77282
-1.50524
-12.5541
-5.00922
-1.22052
36.2328
2.32164
2.33611
25.075
41.6694
28.6335
-7.02969
-1.19112
-20.8184
1.30479
-16.4014
15.1482
0.110872
-2.60732
-7.746
-4.82957
-0.796748
6.80703
5.15487
2.3867
13.455
-5.53741
4.63746
-1.22976
1.53392
-9.32825
28.622
9.25098
1.19187
-4.2646
-4.48058
-0.257727
3.05829
-3.0305
-4.33829
-6.56569
5.04075
-1.74726
4.53546
1.47243
-1.17407
-1.45413
8.12364
0.266786
7.91561
10.7171
0.523792
0.277486
-1.78737
-4.13853
-1.99487
-29.5119
10.899
-2.45228
-2.24773
1.91826
18.7485
9.80886
0.964934
-4.67111
5.24118
-19.1837
-38.8534
25.2395
9.87156
0.289291
0.14686
-27.188
1.68124
6.64102
-0.586867
-9.05288
-0.0198086
-4.46082
-10.4294
-0.73418
8.28719
2.49893
1.33562
-9.35915
4.41931
-18.0947
8.50513
66.2639
-7.88639
23.2763
-0.226821
-0.30963
2.1062
-0.133897
0.251344
39.7829
-19.9001
0.58466
9.04414
1.83698
1.42064
5.75735
-12.7917
-19.2364
12.9271
-19.4677
-1.09714
2.94157
62.8389
-5.55645
0.437264
7.00202
7.63083
-0.498961
-1.19355
-0.526425
1.45924
-5.41474
10.3367
4.44172
7.08528
-4.80535
-5.68426
-0.0722756
-10.2564
-3.49998
10.3857
13.6973
-0.566136
-3.76895
-9.60171
16.1844
2.81914
39.3513
-0.631694
3.41146
-1.05216
-64.1458
1.63099
0.578364
-4.91925
-0.250903
-9.49787
14.5267
-3.61658
-1.22935
111.482
6.98674
1.4168
-19.6884
47.8711
-28.7504
-3.23185
2.48482
-16.6244
-1.80365
4.06633
-0.924507
-2.02736
2.895
5.74491
3.52203
-2.82309
-2.48247
-36.1953
0.941014
7.79035
16.9016
-7.90878
8.81341
-15.4865
3.73569
3.56331
-40.7161
-16.6093
36.2209
-9.09778
-17.7302
-1.30148
-4.01233
3.52002
4.71971
0.0113191
2.5106
-0.140311
3.25345
18.6119
16.9397
0.213062
1.5385
14.1439
-20.912
-1.84198
8.20863
7.65481
-1.82189
-27.6114
18.6298
8.58099
-23.2667
1.3845
0.650537
-0.260854
-0.692171
30.7597
18.3233
-3.20443
-35.096
-1.19251
-13.4917
31.8393
6.78077
12.6824
2.97645
3.89118
2.38335
1.59359
-41.3082
-50.0345
9.24532
-7.47896
-0.220107
4.1644
42.2406
-0.462873
21.5569
-2.32318
-15.004
1.27995
0.245515
-8.80071
8.14418
-12.8138
-6.62308
8.9507
-46.1904
3.05999
7.13977
68.432
28.5149
5.77735
8.78759
4.71314
7.13766
-16.6726
-2.34133
-14.1956
-18.9031
0.244461
27.3873
24.0092
3.10184
-2.43867
53.8432
-4.85757
-56.2071
1.19438
0.00605543
-16.3815
-6.29166
-36.3569
-8.67519
-2.08846
0.984338
-86.9463
11.4107
-12.3259
20.9578
-62.2974
11.6623
13.6241
48.8849
-2.98547
-10.0327
-75.7894
11.6734
-5.32848
-0.784311
4.8915
-2.19421
3.36808
0.703655
-3.59794
4.88195
4.37086
-15.8846
-2.67941
1.97571
18.4522
-15.4453
0.837696
-81.2395
-3.85138
-46.2031
15.1648
20.2749
-12.4115
6.66616
5.39409
42.0945
-11.4737
1.13779
14.4714
-9.2926
-0.647021
14.5894
-2.42471
4.47449
5.88019
-0.751909
-14.1711
-27.4363
-8.34113
-4.49863
14.1595
1.46091
33.8152
2.3923
0.971713
17.6379
1.95482
4.92923
-28.9209
9.40277
-0.662247
41.4537
-26.3288
-2.05823
-6.10661
7.15742
0.682541
1.73806
-0.311562
2.44278
0.56738
30.6038
5.6501
24.4227
-1.08028
22.8027
-13.5033
-0.690546
-0.251414
17.5669
77.5539
-1.6445
1.30211
1.27467
-14.763
-4.37552
-0.11129
-18.7991
-4.69344
-0.868254
-7.14422
11.3144
-41.7512
0.771489
-95.0498
-0.615468
-10.4255
4.19222
-1.75053
12.1788
60.4316
9.88339
-1.6206
2.58721
30.9024
-76.4708
-2.7161
-7.71451
19.4776
22.1121
-3.08652
-2.4302
-0.902294
-3.42587
-12.2863
-2.59467
0.199516
-30.261
10.0031
3.19933
121.186
0.0245931
-0.0129233
8.89569
12.1562
-6.93323
-4.44087
-13.8015
-11.4401
4.84976
-3.74275
38.0929
55.3036
1.94476
-5.0888
2.7645
7.36846
-10.0636
5.80436
5.2868
-54.6497
-8.79578
0.592178
-1.45358
-7.45988
-5.33706
0.0703037
-17.2406
-15.5699
0.457939
43.7053
-3.31604
11.5982
-54.179
-0.782945
9.45857
0.192161
3.95614
0.400135
-17.2861
33.177
27.3787
48.3524
-13.1621
-3.34064
10.5182
2.35745
0.454357
0.169428
7.71014
-13.947
35.493
-4.13286
0.00529672
-0.667138
-34.7962
-2.2289
4.99982
7.31144
22.2914
41.4352
3.82161
-0.0816429
-4.38877
-7.01699
-0.872844
-3.43861
-4.06998
2.39344
-2.48355
1.01337
8.93828
32.8888
15.722
27.1828
-0.684836
-21.0642
1.24039
-0.100494
-2.93281
-0.808233
-1.63248
2.49758
-9.00434
-85.1544
-9.09488
0.214244
-2.35399
27.3092
24.1769
11.412
10.6354
-5.90404
0.983619
-6.46155
-0.766057
-4.90173
2.58313
-61.2158
4.39055
-1.37626
0.0539064
-4.71994
5.26153
4.19025
3.7198
-1.86341
-5.25072
1.58034
31.0983
0.41103
3.36393
-19.6015
25.3739
7.75479
-9.03285
-1.79733
-2.59589
-6.47169
-9.27887
5.70866
-1.55155
-3.13646
0.604163
60.1527
4.73731
-3.65375
-2.09298
34.8128
46.6415
-3.6022
-11.5212
-5.23201
-12.2338
-44.6031
20.3087
64.5997
-13.0963
2.24797
20.9196
-8.85575
-2.7882
-0.0131812
0.479562
0.232874
-5.10474
-6.09917
0.282195
-3.96791
-7.16827
-44.2371
-20.5408
3.04926
-0.10788
5.30624
-32.1785
14.9217
1.22198
-2.40409
8.30296
1.75391
5.43105
12.2495
-50.2756
-0.0217606
1.76913
-3.84667
8.69899
-15.0711
-11.4725
-0.290643
-3.3702
5.48379
1.90207
9.20446
4.35746
32.6322
9.38698
0.393611
-5.68186
-0.608742
1.33784
57.4181
13.06
16.167
-3.95032
2.32971
-12.6997
28.8963
4.58708
-0.604606
4.46597
-22.0835
9.70037
0.41162
-16.1156
28.5074
-0.0168439
2.00637
13.3448
11.8581
-3.80971
1.94055
12.5397
2.52368
-1.38085
-1.00572
-34.9478
-22.9352
-8.82238
-13.9693
-2.60752
0.136686
-10.0255
-0.821448
-8.77493
10.9545
24.7988
1.70071
-0.0408386
2.71626
0.815268
9.06487
-3.76606
-0.215273
23.7896
0.751592
-37.7171
3.17547
-0.0346825
-11.0672
18.8653
12.3704
-3.77429
-13.3178
-2.74937
-83.748
-1.85066
4.6259
2.6184
13.1799
7.26471
46.1346
-44.6491
2.95129
15.8629
12.285
-7.76372
-15.8388
9.87626
-3.8221
17.3198
3.73361
-11.1847
6.79581
-15.6877
18.3131
2.05114
0.458571
0.777363
-58.5812
-1.33889
-0.680387
46.2727
-5.81003
-2.23498
-4.25514
-5.19984
-12.6782
-0.0180575
-0.141102
-9.52314
0.396083
-3.862
-42.817
-3.73601
0.718765
5.04495
0.540068
17.0234
1.47224
60.5805
6.38106
-7.58391
-2.53027
0.0440047
-7.99681
-13.1675
5.05922
0.674198
5.34954
1.01359
0.467671
-2.97884
-2.22474
-3.34185
-0.607043
-5.72101
-23.832
34.1966
39.1424
10.1389
-4.39039
-0.471954
3.19498
-24.7356
-0.235049
-61.9478
3.38345
-0.330054
30.2984
-0.848965
-129.303
-4.69735
2.34896
0.675522
-2.70774
24.9971
-7.50124
41.9737
-14.2899
-4.63717
-56.8522
-4.2549
-0.993591
3.98727
-10.4406
19.7851
-3.3898
-7.37629
5.95718
-0.472362
1.67743
25.6263
0.474821
-14.7254
-4.5765
1.67638
14.1604
-1.00968
-2.41073
-3.46452
7.84759
-28.9783
-1.49951
-20.6754
-7.44822
0.786386
2.3967
4.49708
5.60831
-80.8671
6.34258
-2.25942
-2.0885
14.9901
-2.57319
15.8915
6.65685
-2.99768
-0.232741
0.675269
-53.6721
12.1962
-8.81598
0.344042
18.8447
8.1874
-2.56426
19.3903
10.5791
11.2034
0.742274
-9.40639
21.871
55.3656
6.20634
65.2274
2.37343
-8.86768
4.66145
-21.512
4.02592
0.77703
-10.7732
4.76231
-4.40455
-9.27425
36.1282
-8.1508
3.80721
5.72409
18.0981
4.17403
25.325
-10.4296
-2.42568
-9.44573
0.627352
0.59033
-0.726382
22.3248
-4.83132
-11.34
-4.32324
-0.665032
-7.35462
-3.65013
0.957078
19.7002
33.6502
-3.79005
-1.58206
7.74038
-2.04259
39.9747
-5.89664
24.5726
6.84973
5.965
4.38664
-1.89425
-0.710336
-5.88655
-9.38108
86.0313
-4.50272
-1.49702
1.11971
-5.89396
2.06798
-1.91603
-24.4307
-3.31382
-11.2707
83.0471
-13.8697
2.93353
-18.7281
13.3296
-4.74997
2.55649
-3.35978
-1.46905
0.741617
-4.74131
5.64968
9.08562
23.1663
16.9126
-10.0039
2.29036
-4.23602
-4.9082
4.9617
-30.0173
32.3162
-2.61607
-2.80324
30.8372
2.02585
-0.188625
-0.359855
11.0086
1.54845
-0.187914
0.0673602
23.7288
18.2674
-1.81663
0.592943
0.242846
8.68118
-1.32643
-2.96653
-17.6768
-17.0126
-9.43339
-0.401126
47.5546
1.80008
14.2373
0.245358
-0.281686
13.7038
0.396655
1.82535
-4.75358
-5.70055
0.203181
8.21374
1.39124
-0.845381
-1.64727
0.547254
5.27793
-1.98776
0.910282
25.4555
15.0816
-3.66293
2.66336
0.884889
19.4903
5.68495
-3.54614
-5.52011
1.36312
-5.25205
22.0667
-13.0823
-0.369511
-122.404
-7.87279
-3.43133
4.70441
-3.03191
-1.43523
0.0758
24.1907
7.75919
10.5419
1.56824
-50.4348
-17.4814
-4.07002
2.56717
9.501
-9.63582
12.8133
6.51596
21.999
3.95135
-29.2319
-59.1357
-28.495
0.424133
-3.96646
-0.24563
3.2409
29.9798
-0.128429
-14.305
-52.6058
17.3179
6.76882
6.03729
0.164309
-0.272572
1.07586
1.5518
10.1402
12.2068
-128.389
-105.119
24.2355
1.28684
-50.5528
1.31607
-0.929658
7.92725
11.5002
-10.2001
-0.803915
20.8166
14.8503
26.8707
0.00224615
0.468155
46.8722
1.31933
19.2157
4.32689
-2.00757
4.1931
-6.49142
2.81104
-4.62945
24.5852
33.9869
-0.588572
-10.3965
11.017
1.51495
0.297241
1.84151
-2.88245
11.5552
13.8279
-10.0443
13.8503
16.2978
5.59494
11.6923
-11.8877
52.3427
-0.485406
-0.170054
-0.329242
-4.6005
-1.31619
2.53854
8.84695
32.4077
3.0404
-16.9223
23.2035
2.52294
1.71438
0.621012
-5.37321
-19.4596
6.57965
9.38726
-3.54403
-32.2128
0.556516
-0.0552085
-2.07962
20.5144
-18.2768
4.29092
-0.275503
3.42844
-1.09512
0.612967
3.65391
10.9225
-3.59646
2.07863
-21.3513
-1.47793
-1.8495
4.52189
3.88507
-13.461
0.299777
-26.7746
-29.6836
-9.13375
-12.0822
-4.47441
-1.36672
0.0451756
-19.004
-4.27385
-1.92484
-0.463869
0.207815
3.09763
-109.69
-9.83809
-9.31598
-50.6268
-58.8856
2.39186
-4.21459
-31.643
16.2851
-16.3582
17.3377
-1.20136
8.41974
0.0900247
-2.63245
30.7116
0.633611
7.12386
-3.61084
-35.3967
3.37509
-9.10823
-6.74088
4.53482
-32.8536
10.5953
-3.43247
-12.7796
-0.351405
-15.0631
10.5502
4.24498
-0.697259
18.3826
25.9334
-1.19193
6.00736
1.62628
-1.17856
23.1547
-4.21132
-9.29887
29.0796
1.71818
8.15847
14.6329
1.76946
0.286199
-7.63482
-26.7918
-3.40677
-43.3307
-1.69367
2.44348
-1.78442
-8.71981
0.151405
0.369064
-1.40209
-8.16399
-3.79106
-12.8266
-4.58708
10.6538
-3.88436
1.43979
8.4299
2.38284
6.4176
-5.67883
9.88308
-6.6053
-15.4431
-2.17596
-3.50547
7.56218
-0.261528
-31.8325
2.08454
-6.27331
19.4653
0.416038
8.36544
7.77983
-10.8419
26.6785
1.33098
2.55042
2.26134
-2.42951
23.9105
-16.5779
3.01593
21.9082
7.84148
-2.74019
-2.51041
11.5009
-16.1876
3.83946
0.0944567
-0.401733
-0.920668
-7.90547
4.75021
-36.9945
-0.0965462
-25.1842
14.9305
2.2412
31.6967
3.268
-7.98969
17.5313
-3.12257
3.1887
-27.1078
17.8923
10.3437
0.800958
0.918316
-1.72801
-7.4869
-6.62975
-2.88191
-1.2345
-19.2571
24.9356
3.28577
12.9395
13.4751
3.40219
-0.74603
21.9084
17.8649
-25.9695
-3.91421
1.10035
-0.0654381
-10.6111
-12.3346
20.8163
19.3016
52.5611
-0.00227981
-0.745707
69.0735
0.677394
-6.86785
0.184817
-12.4682
-86.695
-1.93402
12.8766
5.52513
-44.8857
25.2313
-7.88146
-7.36344
1.02367
14.6082
24.2283
-7.30964
39.5281
3.73766
-28.246
-26.2796
-2.82905
19.8512
34.6956
-2.26219
-66.9336
0.832641
1.28615
1.18783
-59.0641
2.30308
15.0974
0.387914
1.11607
6.36036
-5.58213
-8.79666
-20.9382
5.99096
-12.0635
-32.8989
0.123014
1.64471
-7.03003
8.01005
-25.987
4.19079
-3.87991
-0.959486
-0.566378
-4.55582
2.51728
33.4716
34.5509
7.81687
5.90092
4.14939
72.0349
30.8934
-11.6585
-27.0121
10.5946
-14.3487
7.22271
4.93672
14.5331
4.00883
-1.04904
-12.634
0.723217
20.3928
-8.79
7.06165
0.239911
-5.87731
-7.23446
3.3245
-48.6852
15.5919
-14.9375
0.578692
-20.0962
13.4876
22.1504
3.04163
1.50974
6.3823
17.4648
-15.6804
-9.20211
0.228029
20.0538
8.91449
-49.9422
26.1095
-11.0575
-0.0382928
-2.77002
18.7611
-32.7391
5.43259
-0.704424
6.36998
22.3148
22.3424
-1.95521
-3.32039
-6.26129
53.0215
3.74897
-25.3604
4.90285
-2.73835
7.58142
3.67319
-101.017
20.7021
14.7328
-1.96596
0.054483
-15.3379
-1.66063
10.3493
24.5531
0.341323
-11.7228
21.0658
14.1434
-0.278937
-3.12663
69.515
-0.0684904
-3.51175
7.25603
27.4054
10.9881
-0.109772
-0.986396
35.0862
12.1773
48.3762
-3.33178
3.57439
10.4763
0.714816
0.412959
-8.34021
-9.27736
2.75525
-52.7305
-6.2801
1.99015
-9.75325
3.52952
6.8279
-38.2527
1.48223
-1.82787
-2.65288
16.701
0.548879
-48.7945
-1.14911
2.74752
0.145294
0.26565
-2.34938
41.1305
2.65822
-40.1354
2.37199
-2.4979
6.75074
-29.5636
7.86392
4.29614
-1.56805
1.16129
6.12
4.08083
25.7098
23.2264
4.55519
-17.3813
2.74809
-1.17277
40.5709
0.832419
29.4777
1.50665
0.01918
-1.41571
2.5895
35.934
1.38708
-2.83703
49.3685
-2.52561
-3.59523
-26.3503
15.5919
-12.965
-5.51053
25.9014
-0.00527352
0.939515
9.02848
61.7841
2.45068
-11.1891
3.43198
6.78139
-7.54647
4.78526
3.17541
1.81149
-4.65351
-39.2261
-11.5409
-3.11173
9.1399
-0.550175
-1.82014
15.3277
2.94733
5.32531
0.465014
128.834
1.18582
2.8345
18.152
5.42142
8.1011
15.3284
0.584064
5.88101
-20.3382
1.70393
0.998624
-0.438676
17.9955
5.15704
8.24545
4.73451
2.01742
-4.86317
4.49025
24.7764
-16.1221
1.11589
-32.4264
22.5082
7.47042
-3.09164
-93.2287
3.66855
-11.692
-11.117
37.7998
-12.1257
-17.2655
48.2834
2.95263
0.643761
6.35966
25.5281
19.4475
7.70445
12.5468
4.69744
8.75914
-4.69875
13.9065
-9.39733
0.417414
3.01256
-14.8978
25.6298
15.9
-18.8809
-1.871
-2.85252
2.53467
-0.587474
-0.015742
-5.73355
4.12213
-1.08774
-6.17484
5.10915
-0.909321
-6.36184
-0.00306703
-32.1229
-1.01891
-5.78407
-6.79529
5.22466
-0.435085
-4.2618
6.09767
-6.90545
-8.15973
-3.8903
2.51559
1.6127
0.0950748
6.71195
-1.04202
2.20057
5.41543
-4.94723
-6.9042
-19.2586
-0.970689
-16.8658
0.128692
3.46746
-7.76291
7.30163
-1.70329
11.8745
-9.46077
8.11832
-43.1279
-15.4778
-43.0609
-7.95999
-4.83671
-0.779797
1.17407
9.90323
-13.246
6.31293
0.111425
10.8756
-20.4357
0.255433
-4.51029
-26.6114
0.396742
-7.79615
7.4271
-19.1314
1.30127
-1.36267
7.15452
-2.06558
21.4625
-24.7723
-15.3597
4.33782
10.9498
-17.5478
-29.1142
24.7878
-0.245583
20.2088
-4.99417
0.964121
0.213312
-6.20044
-2.61849
0.816895
-19.8421
2.16226
-5.7002
0.3924
16.5548
39.535
16.8648
14.9812
-1.04072
-35.0263
0.856703
-0.596541
-17.631
0.269208
7.02094
-0.392017
159.333
12.1871
-10.3651
22.2475
-17.2656
-14.5949
-91.4963
0.784532
-2.39763
-62.4001
6.57304
21.0812
13.9376
31.1059
2.14216
30.2597
-0.186079
-2.40354
-5.68138
22.8668
-3.0741
-0.726757
42.8873
-1.56664
-20.7273
5.42859
-9.55407
3.95241
-20.2851
28.6691
0.323389
1.03477
4.26537
-5.6568
-2.10044
-1.14265
1.68798
-22.0727
-5.21145
42.2571
-6.39087
18.814
15.3436
-29.2314
-0.248526
43.2861
0.109304
0.4192
4.78854
-1.00385
38.4345
-0.688593
30.8957
-4.11344
-11.8275
-20.5844
-0.0719006
1.66243
2.06466
-6.20561
33.3416
1.63265
0.647506
1.57303
10.1157
-17.6859
-5.81571
-0.298309
-5.24647
-11.383
-25.4481
23.698
-23.8862
14.4073
-3.70514
10.7846
-1.28833
-24.3429
-2.08755
5.33294
17.3984
3.25263
5.84632
0.782953
-3.69561
6.68079
-0.300628
0.277434
2.84078
19.3233
17.9644
0.772117
-20.1308
-1.09564
-42.3818
12.1261
-14.7002
12.0263
-0.0915396
4.04028
11.7282
-68.1469
-3.45274
15.7263
-28.2819
-2.87473
6.65155
25.8035
-6.26919
14.0557
0.990143
-0.421331
-0.667213
-0.0119939
-3.7295
-2.16751
-1.2337
4.88785
-0.00777025
7.41725
-7.61939
-4.52973
0.927115
-40.5418
-5.1677
2.3052
3.59724
30.2158
0.900233
-0.637855
-66.0649
-5.49067
-10.3191
7.54894
2.30118
5.99566
-0.957082
-21.9498
-9.09831
0.0321146
-12.5283
-9.3799
-2.75884
0.473516
2.58747
42.7344
-0.0298181
0.47298
0.271919
-8.41845
1.30417
-19.5248
-9.65047
-23.8911
9.90291
31.5865
1.58077
4.29215
1.35849
-20.4491
-0.0851647
-5.49638
3.49802
-2.51474
1.15881
-3.55615
4.91094
0.437786
-16.3949
-2.08008
-39.0727
-29.5264
2.50874
-12.3511
1.28384
3.21831
25.5506
7.63748
11.7563
-1.55993
-6.15614
9.32456
16.8108
9.32131
0.829093
-1.26379
-15.2263
-1.9194
6.85736
69.2529
-3.17708
-8.67273
-10.3119
1.52362
18.634
-4.88672
-1.61719
-3.72461
5.20219
15.2119
2.27964
4.91644
-4.14739
-14.5934
-4.81517
-6.29168
7.21483
-2.9076
-5.54924
6.5156
7.58956
-11.0345
39.6408
-3.68205
-4.13591
-3.45896
32.8537
-9.04707
9.02367
-1.88636
-7.96797
8.97403
3.54189
-3.05352
15.1965
-2.87928
24.6477
-0.786911
27.7814
20.0649
-11.0785
-0.0502445
0.330955
-2.44961
9.40132
-0.338581
5.84932
-1.26068
13.2205
-13.3864
3.53184
-2.75448
-0.541738
-12.5992
14.4233
-8.06212
4.65672
-3.75555
17.2465
2.73207
-23.5801
-11.6416
12.332
-2.81024
-14.8402
1.78954
-1.14227
-3.17398
-0.985317
8.36972
3.83687
-8.47619
-0.223569
-12.8362
-11.7645
5.71291
-19.2607
2.21087
-113.519
4.63185
7.39077
5.91935
-6.33036
-10.995
45.3166
-6.77219
-5.41997
17.9341
-0.244737
-0.0880044
-0.673992
-5.57435
21.1144
8.43136
20.6645
-6.53563
0.480433
-2.70618
4.62664
-10.0139
20.0703
-3.05001
-3.41005
-1.35712
-0.263987
-1.16589
-3.35956
-2.98423
-14.182
1.0966
0.718442
-3.0796
-60.6625
-0.0274606
0.488
0.284572
-8.80957
4.44679
0.214297
-2.55682
-5.14013
-27.7463
-4.99929
-19.8683
-4.3489
48.3011
-7.03537
6.13849
0.659438
-0.763523
0.596145
0.823748
8.75984
15.7767
4.76213
14.8933
-11.7759
1.21644
-13.2801
6.19801
158.844
10.6162
138.284
-0.122309
-46.0649
6.66689
-38.0555
10.5617
2.52882
-0.824539
1.11799
-18.3553
-11.2664
8.43071
-3.93095
1.05199
3.3507
-17.5098
-9.97553
2.57196
12.3096
5.66931
8.68585
4.82918
0.328702
-40.7622
-0.378931
-3.09037
0.433154
-3.31345
-18.2868
-34.4147
-3.01929
10.2349
-6.5173
-18.6609
-27.2958
8.5789
-26.0246
-12.1864
-0.819529
10.9592
0.00638549
20.0757
3.47348
9.56673
-26.2466
-1.37742
39.9274
-2.32276
3.19755
-7.64483
-0.787034
5.58327
-16.2469
25.5238
12.4581
11.5809
-78.4108
-10.5729
8.87215
-20.9914
-7.2757
-4.81866
-34.0242
-11.4282
4.7505
0.368391
-2.44041
2.72921
-4.84906
-0.204607
6.82213
-7.569
6.55589
12.437
18.9854
-1.70079
-82.1547
-7.24992
-4.47389
-10.2395
-12.4686
-20.861
-2.69896
-15.0169
-1.15251
5.43128
-7.62058
-3.94212
-88.9414
-2.4277
16.5092
16.0382
2.53933
-4.18472
-1.12113
-13.725
-0.154077
-1.7826
39.2963
-3.40777
12.6171
9.81513
8.17279
13.9414
-63.6728
-1.97309
-8.23168
13.515
4.5235
-1.41603
-2.9768
62.28
0.320666
1.11746
-8.34394
8.98194
-5.46328
-17.3046
2.14784
-22.7839
1.04076
0.195172
-19.0701
1.15325
-0.7222
-2.45162
0.698713
-4.43416
0.0674643
22.9703
56.3161
-12.5467
-8.16179
3.6446
4.1189
-9.54846
0.00209161
2.23047
7.08412
-1.01451
-4.34606
2.99524
0.298241
-20.5026
-0.673921
-17.6564
-3.1674
-26.3407
0.152637
-1.07483
4.23004
0.418723
0.394584
-10.2655
-14.0537
-7.81237
-3.4353
-7.78417
2.47853
-2.57126
-5.09985
-4.63201
-0.413971
-5.89789
-20.1753
-13.9234
27.4413
1.62251
-0.626646
0.865196
-6.58992
7.36775
0.742083
-13.8066
4.70814
-0.32996
-42.2792
96.8649
6.51494
18.5653
13.3969
3.97384
-2.80656
30.0223
57.235
-11.3118
2.32132
11.9872
-2.89391
-2.94907
-7.28663
-0.0881985
0.182647
-15.898
-13.4948
2.85708
-1.39817
9.16052
-25.5304
4.29526
-6.5441
0.23352
-55.1965
-0.523145
17.5636
3.27385
21.5458
-13.2043
36.7872
-5.29205
8.24814
-0.881444
22.6302
2.51145
73.9596
-8.22493
-13.5562
-11.4889
-5.18294
-15.2333
-6.63399
-0.00463369
14.8607
1.99066
32.9869
-6.68476
-4.28661
-2.13601
12.1045
-3.01381
2.21788
3.33941
71.0384
-1.79065
7.53822
-29.4295
-1.82132
85.3433
-0.243433
0.30574
-2.98058
-23.7345
-6.83496
16.0097
-22.1291
-41.6429
-41.3717
-8.44189
13.5026
7.222
0.505842
4.72943
4.61625
2.07998
-0.750129
-18.4576
24.4399
4.2076
-3.41779
4.92435
2.33053
-5.66252
1.01299
14.6182
19.7714
22.4021
-6.41311
2.11634
22.041
-7.6281
0.128632
-4.14778
26.0249
47.3475
10.81
25.5781
-14.1451
0.335908
0.108678
0.572376
4.97834
-20.2105
-5.29761
2.65913
7.83102
5.29679
11.5792
8.34588
-8.77707
-20.1759
-11.8883
7.00075
-11.4733
-3.12086
-10.6243
-3.46922
-9.56137
19.3088
2.99577
2.03234
9.13288
55.5528
5.68961
21.014
5.94286
1.28806
15.9948
-0.214853
43.1802
6.05296
-20.6809
4.10393
12.9875
6.41218
-7.6297
16.8862
-1.85156
-13.4705
-1.4652
12.9536
-3.29837
6.32884
0.102257
2.63818
27.4902
-0.38205
-0.583975
-0.274977
6.53816
-0.145178
-8.63777
39.8284
-35.3901
5.04554
-5.9686
12.1215
-10.7421
1.84164
4.92423
8.94354
-3.72774
5.1762
0.984439
-2.85597
17.7852
3.45175
36.7567
15.0473
-6.33183
-2.55746
-13.8229
-24.0068
22.3078
5.746
2.63407
8.66188
39.4486
17.7309
-2.5141
-30.1076
2.9711
3.1923
-5.90293
-5.87882
4.6053
-0.0366928
3.43816
-2.23432
-12.2254
-0.1768
9.63081
0.120594
24.4577
-33.0722
-18.3715
28.7218
5.80836
-0.612911
-1.59549
-29.8604
-27.6645
1.28702
-1.01855
16.912
13.8322
4.13945
37.9965
-1.36198
-16.2279
8.35874
-5.49605
-3.07591
0.992212
-1.42337
-4.18748
8.16642
-23.2125
-9.74378
-6.46043
-0.0259835
2.49653
-20.8636
-45.5938
-0.540845
36.4459
-14.6051
6.48615
-0.515106
0.466562
22.7841
-9.57959
3.46565
9.11668
-0.0620009
-33.4756
68.4701
-34.1324
-23.5577
0.9007
-4.33762
-6.04076
-7.73481
-5.27743
-17.9823
-16.5873
0.58558
0.0513938
0.879336
-10.5847
4.99996
0.198409
-9.73059
18.5818
2.36279
-0.0843799
-14.8041
13.8601
21.7097
-0.0264715
-0.778032
-1.73973
-16.784
2.72513
-24.2874
-0.926766
-30.3142
1.71888
3.84839
-8.08938
6.70233
4.78841
3.07739
-30.2093
1.79522
-2.25133
-3.46598
3.99946
0.904961
0.249605
-17.6036
23.3405
3.58408
-2.74016
-1.25576
0.0456236
19.334
4.95088
12.0463
17.5537
5.87414
32.9481
-1.23339
-10.9707
-0.10485
-22.4494
-11.5529
51.861
-8.94252
6.53561
1.00507
-4.39268
10.2948
-5.18146
23.8069
0.78817
-10.8492
14.0913
-24.6309
0.275165
0.406305
4.81537
1.22138
-6.69792
-13.849
0.138577
-13.9823
-9.63546
6.20883
-4.51825
-2.02198
0.906561
-11.7273
0.59438
-3.4468
1.36628
0.76961
4.35851
-19.3922
5.53443
-2.49605
-10.8443
10.7969
8.96539
-10.3786
-14.0396
4.84198
-3.66493
-13.7492
-46.7577
9.63744
-1.41026
-9.37618
-0.753538
4.68966
-61.9947
-7.20103
1.78443
-0.999348
-0.445451
-1.80135
1.02986
-41.9647
14.7756
2.85336
1.66721
-44.0787
-13.8124
7.50886
-8.21322
-27.863
-5.58801
0.598714
-0.0709925
24.029
1.18156
-0.209532
2.98168
3.70949
8.78559
0.844284
-0.914246
13.1813
-7.55236
6.445
-0.283439
72.541
-0.0462362
3.52939
1.50068
-0.0347611
0.273719
2.80673
-24.927
1.91204
-1.49416
-12.8736
4.53069
51.2649
-6.35607
-4.2634
3.30388
0.494694
-50.777
0.100586
-1.78337
42.6402
8.52683
0.183156
12.6029
41.1299
5.06512
22.5013
-13.7588
-11.2497
9.75687
18.4888
0.81491
1.56657
10.8041
-0.771775
6.81005
0.107313
-2.26737
1.11414
-5.11546
-1.60285
2.66319
3.76922
-12.9166
-1.00143
8.23145
-7.68747
0.513044
20.0289
-0.483366
9.76165
-5.10008
-0.670596
-1.08041
3.85775
8.62739
-0.308822
-40.0759
0.125345
-8.44932
-0.231695
-1.01149
-1.49636
18.4831
-0.909642
13.5979
0.163934
-2.04705
-0.427144
-16.3194
10.3789
18.5305
-0.890218
0.539354
9.20962
1.28329
-0.200404
-18.6192
12.6441
99.0618
0.65093
-7.94192
-6.84238
11.5746
0.273117
5.24626
0.353611
3.68161
-1.02964
-7.14138
-7.67129
-17.4555
-3.91741
14.5123
7.93953
-5.53788
-1.11004
-6.73466
-46.9545
-7.71044
16.2612
7.81564
-2.17185
9.03029
1.44006
-74.0496
5.56526
8.98886
-0.155487
-1.11593
-60.0131
4.80429
7.66652
4.22979
-1.03892
19.3744
62.7977
-10.3459
-0.843446
1.84346
3.37247
-15.3206
2.6178
-1.30755
23.9053
-1.17779
0.695134
2.88948
3.89819
-22.1392
0.329481
-8.80628
-3.87167
14.8768
-2.08982
13.4817
5.31168
7.66854
9.94604
8.61754
0.523793
4.57169
-5.88673
5.53877
1.58726
5.6472
-0.469147
4.07389
-2.87613
11.2255
54.4431
13.7092
0.5838
2.61141
3.50655
2.15305
-7.29788
-1.83173
15.9268
-2.53685
-45.4186
-6.74184
-0.756734
19.7555
4.04048
-0.454013
-0.929994
6.97661
3.32927
-19.9044
-12.8286
0.121823
-10.8775
5.90129
-0.284711
0.15185
20.598
1.5189
5.56169
-0.773732
-44.3296
10.3751
34.048
-3.25195
-15.5789
-5.52814
4.05924
-20.8646
-11.1017
-4.99962
-6.10363
1.30472
-26.639
-3.70097
-12.8542
63.0416
0.1885
-6.97562
1.63302
-22.3117
15.8585
39.7471
-15.6277
-4.09305
22.1845
19.6954
-0.791318
-0.866886
-0.159113
10.9533
10.4205
6.62428
-11.0541
-66.067
3.46546
29.9358
-15.4539
-1.54318
-9.94095
-0.141156
3.44011
2.1581
-1.25176
0.0806525
-1.07099
3.01213
2.77621
-1.99258
-1.2053
1.41817
-1.42678
-40.7882
-18.913
-61.623
-6.25209
4.04288
-16.7345
0.472669
-6.62025
-7.12966
3.93329
-15.5586
-9.4203
-5.87092
-0.880533
19.4403
-2.31619
1.74336
-10.7131
-3.9254
0.418819
-28.8603
0.361808
9.51466
-24.8429
7.57541
25.5725
7.12284
10.6377
-2.35325
35.3304
-18.6014
0.779746
-3.19444
-13.0313
-10.8837
1.01441
-0.16047
87.9231
-56.4684
0.718596
0.383377
-3.50659
1.01369
-10.7419
0.0146372
97.7179
-30.6283
55.1215
-4.71795
20.0144
2.82275
7.03859
-2.8896
28.356
-4.44286
42.8729
-8.82646
2.17367
1.65094
-1.88281
-5.61574
5.75625
-1.98508
-8.67406
2.2811
-3.1841
1.91044
-11.8474
11.3907
1.53301
9.84257
7.23469
4.60353
-49.5872
9.06429
14.001
-7.32489
21.721
0.963477
6.50008
35.6489
-4.64301
5.90331
18.4069
-17.7776
-0.892375
0.00967871
9.21851
2.70393
-12.7766
-0.367859
42.1798
10.6056
-1.33252
-71.7992
0.69268
-0.143932
1.71455
12.9866
47.9277
3.56352
11.3456
19.4097
-14.0866
21.9585
11.3312
-10.1341
0.938187
18.6964
9.82399
0.968837
1.50091
33.0761
3.08973
149.07
3.28986
-2.59428
2.18613
18.6472
1.26347
9.70378
-0.749651
-10.4073
-2.83351
-1.89805
2.6781
-8.83279
-25.3644
-7.90669
2.97065
-1.4521
0.646899
-8.95635
8.97667
-4.61052
1.4642
-7.67486
2.8315
16.7973
-1.32576
-14.8581
-7.36948
-11.2379
13.1758
5.47117
9.74241
13.7149
-2.98649
-1.61486
0.156923
-23.1343
7.31463
6.15833
-1.16933
0.0745044
93.5381
-1.31295
11.8942
-8.12721
-0.424581
9.43974
-1.54177
-1.24017
-1.96517
-21.3803
-1.1691
-2.87467
-3.1889
-38.1034
-2.15839
-2.30586
-0.858168
-7.81796
2.33149
4.95751
-0.986681
0.255291
-0.444172
-20.1029
-1.15
1.74675
15.1494
1.29805
-5.59018
18.8277
-0.871924
3.46189
6.52482
0.234686
13.7866
2.56833
-1.09956
2.87344
0.0719253
5.90564
11.6826
6.46518
-0.0315657
-0.415357
-28.0726
0.568633
64.9156
-0.0919058
-5.17362
-1.66593
-25.3506
-8.2241
11.6678
12.9857
-9.59785
-11.3653
1.47334
-9.60137
0.574411
-0.502468
-5.62605
2.79121
-2.37611
2.66561
6.6436
18.7174
-86.5605
8.94919
-12.1697
1.07317
13.2031
2.18471
8.23908
-5.31907
-0.722349
-7.11797
170.767
-0.0877754
0.579509
-18.969
-6.36692
-12.9402
-6.27543
-0.0487328
-8.49946
19.2496
2.71515
-45.83
1.89764
-22.1831
2.9527
-0.882456
-1.98638
10.2836
3.37372
-8.47182
28.3352
3.9739
6.77216
2.65347
12.9925
-4.59288
0.291554
-12.7918
-1.67383
-4.51017
13.318
14.6601
1.62858
1.44506
3.14769
-13.2898
8.51609
-22.9763
93.1717
-3.14029
-0.632384
2.69673
-0.357182
2.44329
-84.3463
-0.507078
26.6274
11.7799
1.15218
1.87759
39.7777
-38.8748
-4.15874
55.1977
10.118
19.8464
5.72442
47.9236
10.2911
0.287767
9.00884
-0.354643
-10.6581
2.98559
-1.08905
8.13063
-24.7956
86.3793
9.17967
2.74068
-5.05899
-0.349506
-24.6087
-16.5575
-7.08958
1.28633
-33.962
-5.06604
-5.39218
2.43072
7.21528
22.0505
1.76777
11.4872
-0.0701124
8.64651
3.79014
-1.88699
-26.5615
-0.146227
-2.17807
-12.8623
10.6983
6.0686
1.28997
15.2121
-16.1123
0.927534
-5.80506
3.88062
-12.7747
130.687
-1.29892
13.5414
3.27583
0.0817741
-9.18037
-1.96759
-6.07691
-0.168358
-7.09236
17.9388
0.853466
-2.06103
-9.16547
-6.79047
1.27915
19.1213
0.0642553
22.5519
47.1845
6.26815
-4.62992
0.429262
-3.57817
49.084
21.1786
-6.24095
-10.9646
-6.79626
-18.3657
-7.26226
-0.435705
-16.853
-13.8222
-0.0651075
-3.22986
21.8089
-0.969856
36.8708
10.5527
16.8757
0.0951271
-7.46651
5.09595
-16.7945
-0.138571
4.981
-4.63112
11.0224
2.10956
-2.02352
9.66461
45.3368
34.445
3.4505
-7.20278
1.26263
-3.1592
64.6269
-21.0687
-0.403134
7.53066
7.79774
-13.8009
-1.34578
-1.91208
-0.322197
2.57714
-2.19331
4.14881
4.50886
-0.385668
-31.7537
-3.75103
10.9953
-28.3763
1.64272
-3.86917
4.14256
-10.1717
0.912125
-3.75518
-10.8937
0.304985
-10.6239
4.74685
-11.314
-0.649894
31.1457
-0.000259429
6.24866
20.138
-16.1039
-0.143311
27.1555
-13.6454
36.2002
-2.90898
-20.825
6.87561
-18.8108
-1.41402
-3.71583
4.44154
0.514625
-2.18763
17.6632
-14.0613
13.3567
0.88294
85.3481
0.992696
-1.17061
22.4468
43.7491
-16.946
2.96806
-5.30249
-0.48915
6.43752
1.27576
-9.23424
-9.8909
10.1004
11.3033
0.434983
-4.52771
-1.4221
17.5234
-14.3682
1.27936
0.495136
0.729959
-3.07518
-0.636302
-11.8808
-36.2522
-7.67197
9.31702
0.0303802
-0.353378
-11.1756
12.0712
-38.4264
-50.9848
-7.21665
8.15425
-2.38413
-53.862
6.34522
-0.0529125
4.06397
-0.29941
-0.847408
18.6992
-0.174824
-2.01898
-20.5136
1.3609
-0.0419758
-65.4536
-12.6589
18.1748
-21.1751
-4.36557
2.02971
-9.83247
-1.92463
17.3756
8.86199
32.4231
-8.30642
-6.3015
-7.13646
-3.98894
-19.8192
16.6992
-18.6547
-5.33047
-16.0514
-1.56657
3.86074
16.5576
15.0614
-0.4668
-3.82259
19.1609
64.3841
-11.5178
-0.226852
10.6496
-0.0795309
1.46521
-3.08541
0.222323
5.81422
0.0697335
-2.48388
3.90789
-20.0714
2.49525
-3.48997
-2.12653
-0.400502
-14.4678
3.72885
-9.13815
15.0729
-0.468955
10.5311
-11.7001
1.82733
33.4625
9.9064
-40.2584
2.95416
2.02111
3.79437
5.72924
-0.914287
-0.365558
-5.1385
-2.8392
-7.32239
2.89692
-0.842942
9.76634
8.63934
-8.38461
-9.09143
7.74143
1.10905
5.68976
-2.68939
-19.108
-1.16259
-12.7501
-6.67775
86.0951
-15.3896
2.05093
0.971872
19.8717
7.2257
0.410224
-0.46034
-3.09723
8.27261
-0.18577
-6.2136
-9.78299
3.62974
-1.27725
-8.25786
2.4341
2.73245
-13.5415
0.00401051
-14.3204
-1.09828
-3.94466
-4.32679
-2.25168
3.89474
-2.3667
18.5236
-3.76692
3.56072
19.1295
0.113
-13.1834
1.92539
-18.5222
2.10259
0.188449
23.1049
22.5521
0.184292
-2.57646
8.54651
-14.3916
-3.03199
17.9571
6.09466
-16.3301
5.38853
-6.89204
-3.73783
-20.8928
2.05262
23.4245
2.12109
2.23163
-0.813079
-9.09773
1.44605
5.00837
3.03293
-0.257435
-1.84544
-2.46752
8.13936
0.291551
-2.6486
44.7513
0.494165
6.12862
5.17294
-0.155569
0.813689
15.0262
2.06432
0.261333
3.94323
-5.23103
-49.594
22.7751
2.55699
-27.5606
12.106
-0.348819
1.39601
-6.78155
-22.8546
4.65039
-6.16477
-6.47789
-1.89657
22.0225
-8.35657
-33.6374
-4.31349
12.0944
-1.40302
0.120396
28.1784
-41.4192
-5.81882
-5.13844
-31.8654
-9.2096
-2.91737
11.851
16.0443
0.830604
-8.43129
12.7663
-18.4832
-1.64822
-0.341884
23.1021
-38.6523
2.34834
9.99497
3.82476
4.24602
5.33842
-28.5509
-9.14652
-30.9652
2.94671
0.401952
-2.35757
23.6985
2.3454
4.81324
-7.629
-1.68839
-14.7554
-3.05305
50.6031
-0.788534
1.68424
-33.0132
16.8043
-1.70559
-0.128946
0.316873
7.52848
7.12722
22.9
13.599
-18.0246
1.53075
19.131
-0.769446
0.525888
-11.451
24.2822
100.013
1.06369
-24.2676
-12.2886
-0.663328
1.49224
31.0701
1.43259
-1.76853
-2.54658
5.06113
-12.9289
-7.48776
-0.966581
6.58678
52.5459
-7.56928
-2.04746
5.6164
0.30833
-7.23297
-81.209
4.36623
-6.02292
-18.3215
4.29111
-23.2825
3.75583
-0.0279083
-14.329
11.3797
4.5387
14.2885
-0.531128
-8.60803
0.620005
-20.2639
1.79777
5.04815
10.8709
-2.37053
0.253459
1.57584
12.8906
5.96647
-10.0002
0.977877
-3.86648
2.35753
27.5292
-0.45737
22.7785
2.07409
3.14534
-0.313438
-0.0870673
-6.12832
-0.59691
7.41693
3.83995
-0.215298
3.41227
6.12055
1.37231
-6.71401
-2.3517
-6.19237
-9.0672
-0.635441
-45.6512
14.3899
10.1436
-24.1032
0.608062
-8.70919
31.3452
-1.83198
3.83473
-1.74557
0.341848
-0.81472
89.0313
-15.1062
-2.35814
-5.86748
-8.87768
0.667465
-0.250433
-4.17102
8.33459
-1.69342
-9.09629
-8.11801
-1.74833
-8.04093
4.49072
-0.175345
-11.1641
3.32398
4.26028
-2.20785
-20.4273
-3.09772
5.47985
-2.30147
2.57952
4.73709
-25.1381
-2.83038
14.0274
23.0285
1.06402
5.12448
-16.2709
-8.52775
-4.94241
-29.7626
1.69342
0.249707
-9.65744
1.33015
-9.11307
-0.812119
-35.7598
-3.83351
10.3842
-29.4333
-0.299511
-1.93777
-10.4913
4.39321
-6.98492
0.905411
0.34295
-88.8841
-5.45526
5.92902
-18.9968
-14.9054
-60.3722
1.97521
-2.35871
-2.64677
14.9429
5.75745
6.25923
23.0514
-39.9703
11.0974
-3.76398
-16.778
-0.683462
0.426619
-1.81513
-68.6829
2.66819
0.273288
9.16444
10.8833
-9.26643
-7.90643
0.0823305
-8.34501
2.19033
-4.70454
-1.22853
-0.408221
9.00879
-1.28737
-0.815271
-1.30843
-1.17094
0.875907
22.4211
0.91812
-18.2865
1.791
9.82374
-2.3905
-1.16193
5.03151
-26.6406
-9.75912
-10.0928
6.17271
12.0188
3.95926
10.3762
-1.16388
-1.6388
-19.065
40.1737
2.33621
-57.9065
-1.73385
1.25603
-3.47703
-4.80973
-16.9961
1.30367
-13.9098
82.6159
6.17926
-1.93438
1.47189
-10.4939
0.0187381
-9.7161
-88.1567
9.38377
23.7257
-8.74715
2.64645
0.101539
0.532321
9.86851
3.99507
1.45061
-0.750574
2.04104
3.95564
3.68933
-0.231219
0.878319
2.01081
0.38767
0.610576
3.92207
4.23987
2.49335
-8.6209
17.7315
-47.5986
5.74385
-6.11414
-2.92669
17.8271
7.00102
9.73917
-4.77653
1.63123
5.67884
-3.7196
2.15384
-3.04977
6.69594
-2.3327
51.0606
68.3149
-2.67546
4.41274
-16.2017
-15.8225
-0.694549
-32.98
-1.93132
0.583311
5.53269
-0.945961
3.26468
-0.502012
6.32009
-0.585152
8.02859
0.424309
-4.69823
-10.9639
22.5814
1.51595
-7.83737
26.4286
-1.35844
0.517091
-0.175584
12.4815
46.0305
18.0738
4.00476
0.155396
-12.6434
11.6257
20.241
-1.75119
3.67841
-4.82735
-3.9818
0.289595
-0.242197
-18.6381
1.68856
-1.38506
-17.7503
13.4253
-15.2962
15.8715
-5.2911
12.654
4.50671
4.92032
45.4589
-18.5198
-18.3707
15.3905
19.984
-3.4345
0.149294
38.3345
18.9824
-5.08885
-2.87724
54.8645
-18.1779
-36.7811
-0.964377
-19.242
0.185745
-5.06559
-4.41074
2.27224
37.6467
-3.11971
-6.09487
-2.32375
29.9703
-2.31697
-10.4245
39.1636
6.52912
-5.57525
-0.54223
0.339746
11.3056
22.0272
15.4629
0.558164
-9.0456
-0.718373
7.46384
-2.34816
3.75122
-6.16503
-2.37658
-18.0492
-3.52325
1.024
-83.8293
-2.44524
0.0175408
-45.1573
1.94496
0.420668
6.99631
-14.3697
-11.5765
-13.0695
1.97235
15.4676
1.90128
13.1102
0.0860134
-6.45729
0.665192
-8.85568
-2.64602
-9.31123
4.34058
-11.7111
0.569982
5.86708
2.54182
-5.06267
8.17204
-2.17915
0.120802
-1.91311
-1.72765
0.756984
-3.36429
20.3006
20.4268
-5.08659
2.92405
-0.213393
-0.438616
2.00068
4.67924
7.31933
-5.86847
-23.3462
-1.32822
0.62305
7.50551
0.376341
0.249026
-9.58917
-11.0126
12.5415
-5.77046
4.78826
8.00728
-1.12776
-16.522
-16.8752
6.20486
-15.3772
-0.325017
-60.1338
-3.62574
114.211
30.835
0.685889
-30.3578
-2.50306
-3.66808
8.67342
-16.2666
-1.83053
-35.9346
-9.47844
7.39466
-0.375839
-14.7672
-7.5868
10.9014
8.64176
-19.5044
10.581
7.34266
-1.08391
9.441
3.89209
2.10899
12.9024
2.72954
-6.9943
-2.59472
1.27379
19.2592
-4.713
2.74273
-23.8929
-5.85262
1.36704
-8.94394
-2.95125
-25.7719
-8.11751
1.06258
-27.1713
24.9034
21.0463
0.524576
-11.6891
-16.5926
1.88347
0.126607
4.31901
-9.38627
-8.2508
1.29101
0.30864
-2.89077
-15.3375
11.2398
4.4409
28.0945
-7.66355
-5.5815
-32.876
-4.85101
-27.8583
-42.8361
12.7732
3.34111
-27.9085
-1.58165
9.045
14.8935
3.56075
86.012
-2.61094
138.386
48.8439
-0.23394
2.00094
4.51298
-5.80435
-0.867178
2.85651
0.795682
2.13842
253.279
-8.77827
-22.6345
-0.134036
150.247
-9.23393
3.4612
5.53792
47.8201
-1.46343
0.92399
-48.4318
-5.2797
-8.5724
-3.59308
29.8034
-21.1135
-2.44345
8.09102
4.77701
-1.62215
17.5963
-18.1842
19.499
53.8614
22.4553
-7.97199
-4.85847
52.4299
-17.5358
15.1833
4.69372
-10.4122
-1.45831
-3.98155
0.626383
3.01243
3.73781
-8.29356
16.3455
0.0598164
7.2084
-4.81189
-4.3353
3.96941
5.62963
-9.57727
1.93497
4.54739
-5.26543
-16.9582
-4.59286
-2.6378
-6.19095
3.72837
-1.53992
4.86897
2.75029
4.00647
2.12985
10.5447
10.3733
-0.803975
-0.00943304
22.6303
-4.10054
12.7562
35.4563
18.099
-7.70646
-17.4523
-0.18796
0.528818
-4.04887
0.116397
-23.8754
-0.038477
0.859403
1.44911
-1.36509
-4.36758
-14.8489
7.24375
3.07004
2.57564
59.8932
9.79285
9.19285
14.3393
-0.657875
-0.0504412
28.8041
-76.9828
7.53978
10.9332
-2.07689
5.03294
-4.04905
0.152652
-0.767143
3.556
2.02733
-1.48635
-0.325547
-1.65331
90.2379
3.59608
7.71915
28.7387
2.40322
-42.5299
38.8808
-1.26327
3.32775
0.406607
2.83316
-6.46131
0.52415
2.38084
-2.95735
24.2972
13.8116
2.89116
-9.0855
3.15205
10.393
2.62535
-38.2192
-1.46367
-1.42923
-7.33369
9.9043
-32.8112
-1.0302
3.84551
4.56252
2.83406
-0.404377
-0.0891257
-3.38788
4.97783
-14.6535
11.5144
5.18248
-0.952429
-71.5019
-9.70321
-4.65391
-3.85485
2.27684
-58.3391
-59.9573
1.77927
-12.27
4.04079
2.44738
-20.7794
-1.25716
-24.0482
-20.8668
-26.473
0.0534791
2.13548
-17.2537
-38.4854
-3.22273
12.3155
-42.1204
-0.00189217
30.766
42.7517
-3.91406
13.0046
-27.2253
-1.4022
-34.7921
-1.8986
0.221705
-2.05853
-9.36576
10.452
5.20324
-2.6711
1.14481
-9.10583
13.8635
3.76611
1.79508
0.960479
9.40607
-1.87169
53.6386
2.00466
-26.9027
15.4098
-24.0756
74.2715
15.7386
2.67098
-12.1529
-1.9231
0.62064
-2.11642
13.1399
-1.31313
-14.3422
1.61937
6.11758
-0.180785
4.33749
3.75436
71.9083
5.73928
5.95474
-39.554
-0.862519
9.79818
-0.20786
16.9462
9.1075
-0.476513
-2.43038
8.5186
4.56985
7.30184
-30.1106
2.78769
-38.0609
2.29998
0.939638
-3.08542
-5.28153
12.2982
-0.0217243
-13.0976
-49.3859
-12.5522
-18.7537
-1.69425
2.90229
-19.5411
1.35161
1.00698
-3.6159
3.65633
14.1947
-3.47209
-7.20487
-0.953619
-0.401653
-9.58943
3.64508
4.19005
-0.480966
4.98297
3.00921
-7.11729
-7.4829
-2.22811
0.0867239
2.01667
-1.65164
-8.87661
16.1765
3.07621
-11.4754
5.34781
10.6133
-8.19158
4.01703
-5.64434
2.04616
1.30449
2.25376
-3.09672
2.10548
3.45257
-9.79476
-1.07006
-13.3008
39.3326
36.4489
-5.05195
10.3205
-9.67743
5.20016
2.01436
-18.7387
-1.39023
0.0323192
-6.34882
12.5181
3.38949
-0.0859496
-0.573944
-45.64
3.61195
-1.07298
-1.76552
-10.1038
30.5949
8.91647
-8.06521
-1.76024
14.7107
10.9058
20.4021
22.5531
-1.32545
-0.300577
-3.8944
-15.3934
1.65344
-6.9091
-48.7059
0.0504929
7.46336
3.54396
-9.30954
15.4819
6.05707
-6.41519
27.2743
-11.9671
6.0798
-17.7939
-13.8058
-3.4567
8.58973
-4.53181
0.434821
33.8051
-10.6721
7.7612
31.8667
47.4243
23.2818
0.38458
-6.21016
155.868
-0.501674
15.3077
4.18106
-21.1013
14.0159
-26.1846
-2.34221
7.54491
9.55351
0.0980474
1.0108
2.51062
0.36054
4.76354
-0.681639
51.6071
-0.553956
6.84832
31.0412
0.232458
-9.12006
0.480913
-8.35676
-8.96594
9.84682
-22.4016
0.023747
-22.5334
13.7006
37.4656
11.8735
-0.28766
-8.95532
1.1738
7.187
3.34429
1.37038
0.52696
10.5963
9.63837
-6.03058
3.5206
1.61029
17.9856
1.54778
0.221429
-4.20095
40.1053
-0.776442
-0.906487
2.60241
11.8755
3.64605
-0.782948
7.08356
2.25928
-3.7374
-1.14187
10.8502
15.4807
-1.43929
-2.47529
43.5906
-7.35591
-37.7947
21.955
1.49253
3.33434
-31.2284
20.9164
2.52926
-30.7728
-0.576623
-28.2065
-13.9522
1.24221
2.04533
-0.726449
-7.02803
28.271
5.45247
-4.39259
0.435578
-22.0222
-16.2178
7.23934
5.65875
-2.78014
-26.074
3.38953
20.617
-3.79449
0.749313
-2.97848
-0.503347
24.2014
3.28582
-1.60579
-11.724
-3.12982
1.05195
4.53723
-3.39498
3.35648
1.89725
-13.667
0.0675222
36.3079
1.43421
9.69316
-20.2614
0.00804649
12.8716
25.6643
17.1312
-2.67986
-2.21938
-32.8118
-6.27097
-2.77362
-25.0954
-23.0091
-0.792897
-3.55895
1.75727
-1.27892
21.7442
12.2814
-13.6008
0.620245
10.8484
8.12173
-1.36495
32.584
0.0656198
2.74831
5.35501
16.5773
-27.9763
2.14058
1.96031
13.6521
-3.76238
-8.82792
-3.99664
-7.50804
-31.4367
-14.1478
1.12071
34.1801
0.700366
38.8026
-66.4269
-22.9811
1.61588
-9.51818
49.491
-3.91699
-18.0698
-5.64843
-7.33367
2.77671
-9.12584
8.32215
8.28114
0.837757
-8.34484
-3.95087
24.2249
-18.3982
-0.37965
1.79088
-11.931
1.97103
-16.2453
0.399111
-60.1821
-1.01132
3.04916
8.37671
-4.07506
0.0543101
-11.2437
14.1013
3.86361
-43.5265
-2.29862
-0.426603
2.11957
-3.20441
-4.57637
14.8183
-2.74576
3.26831
-36.2398
0.474806
9.94698
-10.9014
16.504
-2.29472
-15.7224
-0.914435
-7.20642
-1.5417
-5.31729
2.97216
15.0058
1.78341
-1.5128
4.0416
5.6488
-1.53671
-55.4254
-4.60618
-0.688106
30.24
-5.48356
19.1122
1.07668
0.157353
-14.9509
1.92633
-20.8676
-15.0799
-5.42206
5.05857
60.8144
-6.44047
-2.12975
-37.8395
-7.19273
-7.5655
13.8168
-0.223948
11.4018
25.7147
47.8697
6.63063
4.85127
7.48538
9.55552
-37.1793
0.698562
-18.1102
-27.1657
23.7778
-5.13685
7.71071
-3.66788
-5.96264
-1.98125
-9.80774
25.5201
14.6043
-47.4324
-8.60711
-11.9669
-28.8133
-1.87573
-2.50983
-4.17234
6.01614
3.70432
-2.7902
3.62645
20.8673
0.921334
-45.0369
9.81757
5.74564
-0.037259
4.57739
2.69172
24.9642
-0.600324
22.7999
16.0602
2.82005
-1.61691
-2.33171
0.68303
3.98611
5.02158
-17.3994
-9.16575
17.1973
0.0391382
8.21019
8.82164
-11.0307
-2.25832
-2.61676
5.00059
0.87884
-5.68436
-0.0372977
-5.36944
-8.20287
-2.14968
4.19945
-3.64279
16.5401
-1.51236
6.67821
-1.21809
-4.68349
-5.96522
-15.3076
21.8623
-10.0874
-0.511544
65.488
58.7976
-9.74693
-4.94269
19.0503
-21.6501
5.3623
-10.6335
6.11325
-0.468307
-8.49159
2.09134
3.25403
-1.61342
-7.37044
-3.28515
-6.16125
0.330614
11.5909
40.5498
4.71307
20.9549
-0.261024
17.8114
7.70408
-0.0523048
-1.63264
9.07005
18.2264
-0.590547
-5.16009
0.00067682
-19.1602
10.8093
21.6611
12.9038
-0.571933
-6.87431
-17.0837
0.477397
1.16733
9.43906
-1.3921
-35.9344
-14.3962
9.25362
-2.00488
8.15966
-29.1508
-1.83962
14.7863
40.1511
-0.802033
-2.73633
0.0796621
-1.61455
-1.65811
-0.187443
-0.265781
-23.3316
-1.66891
-2.9111
3.51371
6.973
7.33364
-46.5842
22.8258
12.6822
-65.22
-25.3974
-23.8519
-12.9636
1.95323
-2.09218
-4.79133
0.512688
-1.2322
0.548018
0.539954
-11.9511
0.116215
-5.29952
2.05799
9.0698
0.027426
62.3833
5.73677
-0.375962
-0.399827
-0.862357
15.7574
-2.57769
2.26009
0.606778
-33.2268
9.10409
1.89379
-2.3276
1.80767
-16.4903
-3.35808
1.34836
6.93909
-1.80623
3.80841
-3.20291
-4.43771
-0.488743
15.3893
2.31589
-0.731234
-4.33537
8.38512
12.3536
0.240493
-6.53637
4.78226
15.5854
17.6621
-5.87251
-9.98536
6.4804
-0.599842
4.35709
2.44585
-0.179942
20.2812
-2.2992
-10.5165
0.612008
5.95627
2.36047
-65.1538
7.01713
7.71977
-2.69861
1.70617
22.9117
-10.2218
16.7323
4.66711
3.54165
-3.90866
19.7352
-2.44585
25.4529
-13.7863
-12.2839
-5.93833
-7.19222
-7.96224
0.000941134
2.36773
24.0931
2.7306
-36.9539
-0.311272
8.54293
5.06294
-26.1693
-4.18248
9.55024
0.0301645
-1.62822
-2.9359
6.31365
3.45262
-0.654966
-7.85896
2.34802
2.43321
4.07868
-2.32882
0.835168
-4.85292
-41.7034
7.47609
-0.821313
1.21756
-2.21055
-0.242243
-6.77696
32.0869
18.7061
22.0635
17.8939
-12.5217
0.622289
-0.503165
-1.35122
80.4742
3.68692
-2.256
11.1455
2.39124
1.18799
-3.35517
35.3027
-2.26416
-0.00305523
0.639405
-1.15902
12.3395
-7.72029
-7.21013
9.4741
1.77029
-4.16371
2.91346
12.9577
17.5296
-17.0116
-0.335488
18.1941
2.77325
5.759
57.7803
14.2492
1.43303
6.22525
-0.62726
-0.219899
-0.272574
3.27625
20.1234
-14.4272
-13.2086
-3.93737
-19.6774
-4.26022
-16.6766
-34.8471
-1.02489
2.37402
-1.50964
-1.12668
6.86025
-10.7657
-8.20721
49.8416
-8.33324
12.4917
0.498784
3.49176
-61.0606
-2.7527
4.80323
-14.7341
20.0464
26.8262
-2.58908
0.0839508
-3.08837
-1.95161
15.9204
8.46122
6.02997
-2.90505
-1.46723
15.4465
-6.82072
0.519167
-6.20986
-1.75458
3.81727
-0.0756025
-51.4105
-23.5333
-10.5356
-1.10798
2.92491
-2.25242
-1.4839
0.205673
3.32515
-5.46915
0.502062
-7.82261
-0.5943
-3.90166
3.61398
3.78086
-8.0571
0.928033
15.6555
-11.1056
3.60113
-7.88899
24.1789
2.85714
0.719218
25.0918
-1.72821
6.91484
1.33661
4.28667
-1.57103
2.50352
-0.985859
1.20394
40.0752
1.04679
21.3683
44.4727
-1.65722
-10.3727
1.1603
-1.91902
-18.686
18.8225
-0.517009
5.81196
6.19596
-0.494965
-0.433988
36.2089
0.756571
0.721859
-46.2739
-8.41225
15.6137
-8.6681
8.29726
19.3446
-0.508707
-69.3931
-0.038221
-4.04808
-3.43485
-7.12447
46.6001
-1.29921
-15.2986
1.06856
0.947024
-4.49977
2.093
0.107649
-8.2938
0.91189
134.051
-17.0117
23.7796
26.3136
53.6884
-1.05889
10.5809
1.75507
-7.7414
10.5999
-17.7819
-15.3513
-0.516635
-17.4416
-1.61821
17.0797
-3.47684
-28.0458
2.30105
-2.37637
-3.44055
-9.62688
-28.1142
41.9622
-6.31559
-6.06393
-22.4722
-1.3838
0.262044
-7.45529
2.00561
-5.13029
4.08856
48.1912
-0.100655
5.18828
5.34371
-5.15546
16.5104
2.10742
0.555466
0.0628649
2.3525
-28.3522
-1.00824
0.984338
-0.60755
2.02053
1.73233
21.4061
-10.4419
4.08704
-7.48033
0.518516
3.91647
2.68365
6.0841
-7.3311
14.6828
12.4262
-25.4328
1.64276
17.7544
-21.7365
-25.3148
8.18028
-7.17843
3.63208
-7.31261
-1.43694
0.978827
-0.30932
-11.2297
25.7134
2.96792
3.01756
39.5743
1.02385
-25.7862
11.2484
-12.5739
0.800052
0.410173
0.237946
8.3008
8.33526
-18.7191
-9.80303
44.221
2.06382
0.521259
-0.248384
6.80682
-10.326
-15.799
0.103897
-3.46848
9.49649
6.99335
11.1601
-3.85454
-34.4789
3.15827
-37.0075
8.26637
7.16293
13.3675
4.1282
-43.5931
6.86296
4.38718
-4.23184
58.1875
41.8579
0.303482
0.133147
-23.6335
8.82592
-26.7277
21.3769
19.7766
-4.81451
-10.6838
33.1521
-2.55041
144.027
22.5391
-3.9602
-61.061
0.57257
10.0574
26.6103
-14.1591
-3.35868
6.49257
0.121902
-2.34005
0.186611
1.1097
2.55331
7.38306
10.7849
-47.77
-30.5823
-5.2107
3.57696
5.00519
4.15128
-5.66196
0.161213
2.46501
-6.49709
-15.0845
-6.66547
9.86186
0.0750366
11.5082
25.1441
-1.92564
-2.36469
14.8701
6.53738
9.77572
-24.5122
-11.2757
3.94187
0.808515
1.19503
18.2133
6.59037
-22.4895
-4.97418
4.95774
19.4196
23.0024
-14.2387
-3.57501
12.9238
-4.54135
2.15526
-2.68683
1.46691
-78.3727
-0.0953745
-1.18826
-20.2649
-33.9324
9.57212
-17.7406
-0.789052
99.333
0.633292
-0.733722
5.25597
-14.8264
-14.8354
6.86739
-4.50204
-2.64707
50.7657
-0.886872
-10.8798
-0.0793466
-14.8297
0.76263
-13.8182
0.0429429
-35.6542
-24.4873
-17.6947
-23.123
6.07051
14.6102
0.555297
28.5239
-7.5112
-2.88223
9.63794
9.08889
0.777422
-9.55042
-1.18633
-10.0576
5.78279
1.31952
-14.841
-21.4173
5.44191
-57.7241
6.72646
2.31617
1.2256
-1.30421
-0.175706
-103.128
18.4188
19.5248
1.26205
22.6363
-13.3551
17.8933
-5.47079
21.3119
2.44077
-0.280012
-39.8887
0.947948
-0.673376
-22.7504
7.74634
13.0677
-29.4937
9.50871
-0.347677
-1.97164
-0.808251
-19.1566
16.1987
66.9761
-4.17001
5.14861
-6.48
-8.16863
-10.6879
16.6886
1.73987
-0.588286
124.308
1.13186
-3.16015
-30.284
-5.72605
-7.04939
31.8126
-0.597206
1.46547
-19.3728
-0.422717
-4.64364
-46.4163
-4.10996
-1.51936
-7.91728
-6.30134
-10.3165
6.28412
-12.9359
0.00320543
2.56155
0.598687
-7.47336
2.92974
-0.297435
-1.05252
-2.64489
-4.33383
37.2944
-0.475663
-4.62883
-14.8215
0.352233
12.6812
-42.3372
-0.0129173
-6.90246
0.921325
-0.646659
-0.0599266
3.97079
3.71926
1.49581
16.5918
-0.0510488
-0.897613
-3.97874
-1.1435
-2.41179
42.3532
0.344095
15.272
-0.110094
3.4151
41.8367
5.66806
1.43473
1.8949
-27.2274
-14.4397
40.5025
-47.6189
-28.2593
2.82259
-20.803
17.8679
45.5095
0.545645
46.9156
-18.9387
-15.8869
1.95761
11.2328
2.05918
-0.428212
-13.337
-53.9348
15.4487
0.0251119
7.74512
39.6661
0.393317
0.0363147
-3.74444
-4.89572
-0.315164
-2.44162
-8.19614
-6.09781
-0.248134
-1.85465
1.71404
3.91319
2.35809
11.2033
1.4204
-0.867078
7.96453
5.93279
-14.0763
9.7379
-11.7845
-4.63462
3.17808
57.4015
-23.5202
0.74542
2.60045
-4.02574
-3.35139
8.78358
-18.4402
-33.3658
12.1267
-4.33784
1.18398
11.1689
-1.81476
0.209028
15.4946
-10.7848
20.4355
0.701466
10.8401
-12.8354
24.4479
4.92542
-13.6958
15.0771
20.4083
-13.6905
-12.6952
5.98802
-3.67931
-5.15517
5.25875
0.0388796
8.65638
-24.4429
-0.278382
-67.9632
-1.19474
-11.7151
-49.4247
1.50209
-5.53901
4.27056
4.10697
18.8631
-61.9548
-4.51732
-2.23284
5.29117
-2.60833
-6.94076
-3.49447
-0.578672
1.01032
-2.551
6.73363
1.08626
3.02026
2.56745
-43.6865
-3.52933
-1.81558
11.9961
-5.31412
-13.7322
2.56117
-5.77829
38.6111
9.86534
-2.1436
1.26099
-5.98577
-2.16779
-14.3452
-0.0175845
-7.90804
18.4554
-28.7138
-33.7702
2.91207
-2.05825
4.30102
-9.53491
3.48619
0.364835
12.8925
33.3018
0.111822
1.0314
24.5731
21.8149
1.19267
-15.0328
8.85255
-13.6786
-40.6554
-2.01752
-1.60945
-4.47653
0.0998131
-6.97593
0.432349
-1.45711
0.0191917
-32.6315
-50.2465
-0.629975
-1.04921
40.1334
1.67626
2.47576
0.868638
4.67421
-0.299652
-23.3652
5.63016
-3.28305
0.714534
2.36637
-0.52222
6.95636
-0.0717819
5.87741
-1.27582
-4.13989
-7.10164
-16.362
-0.0351481
11.9165
-0.170276
3.10658
-2.1886
-4.40003
-6.69743
44.4385
13.9834
3.99416
0.781969
-0.0387291
7.12189
0.431446
2.47195
-3.86288
1.23977
1.24194
2.97707
3.70718
-3.58906
-4.02452
-0.834963
3.15966
1.1781
12.2227
14.7023
0.204222
5.32432
40.2148
5.28191
5.15354
-2.67224
8.31664
0.637751
9.85091
2.09326
2.48249
-3.09105
3.19562
-14.8029
-22.1737
-0.776779
11.0643
21.9802
0.878878
45.1019
4.18086
-37.7422
-5.33192
4.50829
8.35234
2.55268
-4.64001
-103.9
-0.481026
-5.21422
13.5434
-0.931682
2.39129
-5.31967
-3.5738
-3.35229
-0.435599
-4.34302
-23.8762
-44.5492
25.3515
-1.22645
-10.1001
1.21322
-6.62133
-25.8886
29.9178
10.6608
0.295247
-3.21363
-23.7686
3.51376
-30.723
41.317
-4.09317
13.3009
-1.0045
-2.12491
-18.0591
-14.4158
2.01809
22.7561
5.52842
26.3926
0.368563
-6.39105
-21.8868
10.5683
-11.0265
1.92529
14.9035
-10.3035
-0.0807753
1.81143
-24.0194
-0.454718
0.744095
-0.517501
-5.71729
-15.4915
-23.9654
-0.444309
12.6438
0.0716671
-44.1168
1.90658
8.9931
-9.10661
-4.07343
23.5849
-2.39048
-1.15404
14.4261
-31.3438
-13.4796
-4.44824
0.15798
1.7584
-5.39764
4.05753
5.2843
9.31262
-4.18187
-13.1513
2.12521
-69.549
-2.72849
-1.11328
-11.4774
-0.700802
-39.5198
-1.96533
-0.664128
2.64636
2.96577
41.0624
-1.52542
-0.493413
-2.93257
-0.644264
-2.71477
-5.82371
13.3879
12.3972
-2.15563
0.0954056
21.9739
5.75436
0.519092
1.37127
-5.66018
6.35607
-4.19648
7.61686
88.0443
5.69173
-1.55511
6.47334
4.03674
-7.8434
-6.49422
-6.05316
0.214324
4.44203
5.41181
20.9278
-26.1992
10.3178
-4.25697
-51.685
3.65073
9.0466
-3.82789
-0.0731866
1.36066
-2.85099
1.58434
12.9055
-45.3897
-2.31805
-9.67892
-3.55109
-0.411703
2.94496
4.97657
31.2085
-2.4842
12.3146
22.2861
1.30941
-17.3939
1.49013
1.63693
1.3987
1.23745
17.8965
-1.38218
0.867284
-10.3205
0.757586
-1.39894
-1.4718
5.21772
-15.7406
-5.37782
-22.2003
-2.64571
-5.45923
4.02005
-17.938
-3.35666
19.6087
1.88292
33.1499
-4.95543
0.0185109
16.3588
-4.53148
19.9373
13.368
-3.13345
4.25902
-3.98348
3.70173
15.8805
3.9453
25.766
-4.75216
6.52922
-2.50344
-6.21859
-3.87425
-4.05084
1.94284
-0.251085
9.05783
-1.11704
3.50286
-1.51641
73.5225
-33.9427
-12.5332
-2.28421
17.5264
-3.68849
-1.29303
4.69695
-5.26498
0.678323
-18.2185
-19.6751
3.50116
0.920125
-2.08374
-0.724905
-3.5331
-5.94332
-9.24883
-16.0406
3.18641
-7.64232
-5.01133
-0.601389
-37.1118
-2.15571
-1.58038
7.17354
15.6308
30.9845
18.2793
4.59022
6.29463
-29.2833
-2.19322
0.86064
33.5016
12.5836
-1.97365
-51.215
5.85068
-23.6139
-7.79694
0.500596
9.26241
2.93337
-0.0417472
8.63697
-48.7065
-31.0559
-53.1922
19.9563
12.8371
5.07742
21.2039
-8.72155
-5.58491
-1.30435
-36.6142
-3.79223
16.2789
-31.9997
3.01567
3.51292
-6.21003
15.9986
-1.16428
-0.400707
-1.81245
-6.14721
21.4327
25.8149
-58.0601
-10.4462
0.966519
12.6444
3.66156
-7.40603
3.55666
-8.0195
9.12169
-1.60941
11.4695
5.85557
-5.08638
-0.448655
-6.12392
2.21965
-1.69458
15.5305
-0.482111
5.80496
-1.8686
1.5303
-23.8245
-1.65278
2.53573
-7.69719
1.38887
3.23302
-28.3184
6.12238
1.76529
11.1951
-0.529117
-2.17231
6.25497
-5.04149
-12.933
-0.479973
-3.8661
-5.7204
3.34208
-18.4053
29.3581
-0.313489
49.2463
6.73841
-18.5253
0.861906
40.986
-0.716464
-12.1556
-10.9888
0.687245
10.0238
-21.0407
57.3186
0.220748
2.14037
-1.4547
65.5355
-3.38716
-16.7876
-4.73827
-31.232
-2.42335
-42.0933
7.88926
15.2548
-2.32739
-2.83779
-0.788344
-9.14218
-13.9463
6.20347
-9.312
6.9603
2.27564
-3.3058
3.57298
21.8447
7.03418
17.4968
-1.00248
14.0479
-11.1686
-1.19531
0.21518
-6.49345
13.0862
-15.1681
-0.432641
2.16256
19.2975
4.57846
-25.7376
-19.6301
-19.9521
2.22204
21.1187
-3.35979
5.79073
-23.4185
43.623
18.3407
89.2001
-5.99553
-10.6019
6.09537
5.46017
0.550898
-0.696543
-64.2708
-22.4802
0.132264
33.428
-4.23947
-12.0429
15.8408
10.7357
17.4602
-16.9221
-0.868572
0.975478
9.69969
5.8143
0.831341
23.3383
-2.71573
-20.2996
38.43
-21.6458
-69.3935
7.07206
0.15826
10.2896
-1.24419
5.87906
11.8242
7.14738
13.2435
49.4689
3.21191
13.3027
9.72134
-0.553162
-3.73182
-4.20891
0.675948
-2.92167
-34.6074
4.76525
-21.2239
3.89991
-8.41881
-1.64714
-10.5795
2.05939
1.24072
-44.0822
-7.11516
12.0342
-0.115475
-17.9811
1.62055
-6.83176
4.64304
14.8633
0.100324
-4.73889
31.2776
-35.0692
-5.08491
-6.62761
-2.93334
2.31596
17.636
-2.45121
-8.26155
-5.00184
-6.46994
-6.25772
-10.9508
-9.31983
-11.9042
-2.10709
10.7543
-0.206916
9.70591
25.1642
3.06042
6.02441
14.0643
9.57384
-11.3284
15.2146
-17.6116
-61.2979
-27.8928
22.1484
37.905
-17.3735
-0.976421
10.2612
-0.231749
25.5475
-0.61868
1.54808
1.13008
1.1966
-5.46286
8.37958
-4.47961
-3.16453
0.502551
34.8631
-8.38051
-43.3334
-7.73059
-10.1832
-6.56114
16.2391
0.514568
-2.17497
-3.27269
64.1785
-12.6582
5.17829
14.6172
3.64098
-4.2574
-0.146879
-17.0549
5.03627
7.5271
-45.6179
3.88198
-15.2372
-8.28332
-6.50395
-12.8145
2.88333
1.63704
-2.03934
-0.264263
2.24553
5.48829
0.2166
2.10341
-1.85883
7.2332
-0.49977
-3.8593
3.55525
30.4901
28.3053
-7.44091
4.87999
-11.6937
-11.4506
-51.3184
-13.4682
0.495309
-4.45849
-31.8048
3.06862
12.1165
-2.26771
-27.3894
-0.547886
-2.57789
1.45703
18.0396
-25.6965
27.0689
49.7475
1.20727
-5.90665
-109.175
-3.23022
0.0469422
2.11179
2.31292
-0.955238
8.26605
8.3405
-58.0371
-2.68
-2.62229
1.08068
-11.7356
-0.661173
2.91613
-1.01871
8.85381
-2.99222
-2.74339
-1.81413
40.9908
16.6541
4.74215
-9.35726
21.9636
-3.67116
-4.7477
12.3046
14.4152
23.2938
-0.191178
22.2153
-28.2639
-30.3377
0.848466
51.8669
-1.94935
-16.1509
-8.51756
-2.7137
-0.788462
2.10962
0.0718516
-13.4561
-13.315
-0.963776
3.63341
0.218449
-3.16214
-3.94869
-154.403
-0.150595
4.06349
-7.62589
-4.47949
7.24771
1.41809
30.0865
1.90561
5.39781
-0.759687
-9.71694
-11.1917
0.204155
-5.07575
0.623637
2.02873
-3.15021
3.6177
14.7556
-0.105763
11.1988
-5.0731
-11.3771
1.7957
1.71334
22.4554
-17.2628
2.29067
-32.5843
-0.469778
-12.5789
-0.793239
-1.56569
-7.24784
1.80124
2.04725
2.6737
-20.2719
0.35538
-48.1296
-0.148064
3.06179
4.32047
-20.5515
-9.20406
-12.3986
-5.16665
-4.28414
20.3163
-4.0065
-53.4187
35.4143
6.05708
-20.4686
-6.8108
-9.63308
8.20689
0.0310416
19.6175
4.14311
-1.56687
-0.923313
14.2442
10.6533
-3.14717
-20.0036
-0.763552
1.45781
-32.0082
5.02735
42.4674
-5.87298
-18.815
2.89988
-7.81375
5.58652
19.8513
-1.57075
-3.86764
-10.6992
-18.0421
5.93889
-65.1792
-1.89062
-2.23792
-1.9214
20.0929
1.22447
11.5934
-1.88146
-1.07308
-8.30177
-32.9162
12.1838
-8.92048
-0.348929
-0.38533
2.74866
8.94251
4.06492
-2.43677
-24.147
0.854538
35.0006
-8.69276
-53.8585
6.49029
-32.3909
0.597874
0.52477
8.22639
-29.956
1.70792
5.2901
-1.0866
14.9406
-13.4486
-0.286159
4.52877
7.9752
2.58456
-6.58867
-3.79326
8.38482
15.8933
-0.442769
-0.496087
-16.765
-4.53488
31.9733
-4.40764
-5.32945
44.2569
-22.7863
7.8951
3.35293
0.851192
20.586
25.4428
-7.27566
3.65315
-15.7716
-13.7161
3.62091
-8.73035
-0.921055
-3.46997
-22.6865
-0.573465
-7.99498
9.9393
29.2921
24.8819
-4.84504
-2.38237
-10.2609
11.6788
6.88544
-20.4054
-51.7013
11.6749
-1.0406
-2.79775
-27.6432
4.76284
1.05996
97.0784
-44.3003
0.887674
-23.76
-1.30962
1.06475
-10.2135
1.46122
-0.799791
1.09556
-27.5214
13.2051
10.0826
-3.5147
2.73421
7.98908
6.59578
126.879
24.6458
-91.4752
-15.1021
8.54696
-2.99006
-12.0266
43.7992
7.54029
-37.0293
-51.3184
52.4139
7.81783
2.2615
-1.24867
1.42636
-2.22389
3.86762
-1.54578
-0.801678
2.74266
1.16063
-5.82236
-9.43937
-2.49087
-15.3308
-4.10073
0.383653
-16.6065
-2.99865
-20.137
-0.190857
-11.8569
47.5963
5.8548
-7.98432
-19.6486
-2.81138
5.60575
4.69943
1.29616
-47.9637
2.6538
8.22711
-4.36058
-3.51862
-1.52064
-13.657
0.479538
0.540423
2.03679
12.9635
-2.05946
-13.5991
-12.9296
9.93896
-6.04913
-10.3212
-1.80088
5.73471
1.60482
7.01622
-29.8048
21.9639
-11.3047
-2.10277
-7.27078
5.362
12.1709
-15.632
1.88649
-1.14969
14.1765
5.74804
1.61219
-4.31433
41.0741
-0.0933445
6.65957
-4.04043
-1.53824
-3.41274
7.54325
4.00713
-8.85463
-9.76562
-0.0822736
16.7146
22.3852
1.13046
10.865
7.09398
1.39502
12.8709
-8.81928
-16.8338
3.0827
25.2131
-22.2594
-10.5692
0.037168
-53.9997
-11.6132
0.139816
-10.3175
-0.232298
-2.45
-1.12373
-0.282115
0.299279
8.98353
-28.2608
6.04501
4.98184
3.10463
-10.7552
7.31081
0.341892
14.5449
4.74849
-15.4138
27.375
12.2067
5.89541
-1.61098
0.315543
8.76922
-14.4584
-0.402827
-12.7474
11.1886
19.6738
-2.48726
3.35331
0.567619
-19.8941
1.9762
41.5977
0.088303
3.14883
-0.00770151
11.9285
-0.791384
-0.106411
-12.7729
20.5571
-0.247197
-3.88831
13.8245
-7.95885
7.74881
-3.24686
-9.37047
-3.84072
2.79966
-0.100964
0.913111
0.672818
1.50325
-8.00982
0.566513
-1.25774
-42.8018
3.69824
-3.06533
-1.49348
1.14606
-0.0125402
-0.777127
-37.348
-0.190246
1.1673
-1.64633
-1.66963
11.5623
-13.1963
2.83705
9.52497
-6.37442
-10.7915
-43.0357
-0.659857
10.4168
27.3616
0.0953058
0.876449
7.09252
-2.21381
10.6982
21.803
11.0359
-29.4831
3.00432
-0.101206
-35.2487
1.97986
0.500391
24.6993
20.6122
-23.12
1.71114
42.1698
1.32138
-8.5823
5.07653
-2.25651
-1.00499
6.43532
3.11921
16.7747
9.82125
-3.57974
-2.51828
-5.03852
-0.414866
9.90152
4.48049
24.8842
-45.01
-1.28625
-9.14017
-5.82935
1.16706
-3.9806
71.6449
10.4671
-7.29118
0.557187
-0.32393
-40.471
10.5263
0.680343
-6.46719
-17.6707
-4.42441
-10.5028
-9.69353
1.13543
29.8138
23.7297
-0.423189
5.95864
-6.17706
-33.1348
0.280921
6.96689
-1.00534
-7.64233
8.72474
-2.55818
-30.4018
1.76546
4.55982
-5.37908
5.49321
4.31387
8.01973
-0.379091
-58.0783
9.52512
3.27635
-12.158
-3.19462
-1.69192
-2.93692
0.742652
16.015
-0.108019
-4.02511
-2.24472
0.0119858
-0.00222279
-2.06002
-4.29171
-4.08431
-12.3845
10.318
13.7038
-7.36347
3.14991
1.49596
-1.82566
-7.02239
12.0516
-0.541104
9.51653
270.622
-2.63388
2.27795
3.98542
8.80902
-0.536558
-23.3217
-23.2074
8.70771
-7.45812
-60.9442
5.44959
3.76176
-2.35926
-4.33969
0.101361
-0.962637
1.76248
-0.882447
-1.41074
-4.5745
1.27847
1.95252
10.2122
7.08074
-2.16481
112.183
-2.5212
-43.0413
-5.49293
19.2303
2.9668
-21.8406
-11.3529
11.2993
-4.16771
-14.8125
-47.6169
-6.38684
-3.10197
-2.62248
-2.24879
-6.88317
6.08021
1.39153
-12.7794
-10.9773
10.9938
7.56833
0.190335
5.97138
0.81133
15.827
-0.432277
10.9476
2.22873
19.2569
-9.78486
20.4452
-3.2225
-26.8691
16.508
16.7296
1.82767
45.3124
-29.8249
-1.45158
0.267209
5.73706
-7.40152
6.16707
-1.30802
-3.17274
2.20857
-2.39038
6.77951
-8.49345
-7.71461
6.66311
-16.6628
24.1833
-0.159668
-12.8695
-21.0049
2.55525
24.8674
36.7649
-50.7977
9.32324
4.71016
-2.43811
28.6209
-6.79692
-12.1439
-3.4206
2.43127
-3.41706
-22.0139
0.68837
-6.77905
-0.98895
15.6689
-10.0355
-13.266
26.2841
17.3022
2.57336
5.63333
13.629
12.8079
-6.74292
9.93025
-23.0542
-12.7637
-8.71057
-12.2829
1.26197
22.5053
14.7435
6.85436
-9.62162
-0.373352
-31.0965
-0.739172
45.2384
-26.5385
19.9256
-1.45233
-1.1573
-19.4178
-15.2235
-4.36988
10.3329
-29.4614
2.37814
-16.408
8.73861
-1.20057
-3.61888
4.47482
-11.5436
-9.1121
-34.1666
-188.707
10.0756
-44.5217
1.07297
53.5026
-0.918924
3.84438
-2.17379
7.36906
0.221605
-0.378
0.171864
40.9007
-24.1324
-1.60437
-23.2829
-5.26023
11.1742
-88.2397
-30.0922
-18.1375
-16.7762
41.3072
14.2605
-8.32113
7.02019
74.0174
12.8065
-24.1828
-7.46537
-8.25249
5.08154
10.109
0.00526479
23.55
133.126
3.88117
1.10125
1.09723
-9.47447
-2.49653
-7.75805
0.605465
0.593072
77.8475
0.440875
0.343665
0.907305
12.6936
-12.1973
5.6639
2.27815
-36.9929
-0.984228
0.28105
6.77616
-8.69882
2.40043
35.0413
3.06983
-1.44138
1.68301
9.66353
-0.51335
8.18257
33.2773
-0.417021
-0.382369
13.1422
-0.992946
12.4766
-3.39013
5.1926
-31.8157
9.11609
-15.9209
8.65146
-9.14272
12.8161
-1.52965
-3.95764
14.7506
9.10181
0.14989
0.0685053
-4.01792
17.899
-33.8209
1.7288
-2.76977
-0.48571
-9.8197
0.383695
-7.19838
-5.96787
2.47973
1.99977
-100.541
-1.19476
-14.4854
-4.46091
9.85876
-18.2964
-5.26595
-1.76446
-0.145173
14.9101
0.207495
-56.892
-1.72822
-1.9612
2.30233
4.25279
-0.898563
17.519
-41.4408
-0.0812008
-1.98138
-10.7099
-3.43257
0.482758
-54.345
-28.5984
9.31056
16.9121
1.33968
-30.5135
-2.017
-1.04897
-3.34473
-3.21392
-6.62427
5.22545
-1.74593
-7.90072
1.85327
5.68349
0.245573
-9.78122
3.25343
-43.1419
13.5054
4.38356
2.64269
-0.783044
1.36111
10.2055
-1.4123
-0.762726
0.538383
-25.5999
-11.7253
-13.5048
11.1422
-12.135
0.315604
3.76733
80.7529
8.02052
12.2126
-15.344
-11.6897
-24.0575
4.38188
2.66231
2.47339
14.116
-26.7175
8.03146
-17.2033
-57.081
0.113527
14.2595
-0.517723
5.11959
11.1755
1.43051
-0.197762
-0.991393
-0.661169
-14.6523
12.8799
-10.857
-29.1645
3.97444
0.379246
-2.8003
0.795177
-2.75154
-5.01149
-4.66016
-24.2158
4.72635
-4.28871
-8.1415
24.8193
6.41724
-4.25726
16.5866
-0.204407
-1.91359
-0.543701
1.24405
23.6237
-20.7764
-7.36175
-32.9657
-35.7827
41.7379
0.100407
-0.731272
-2.99822
17.3304
9.59722
-7.87162
-0.284178
21.5777
-9.33052
33.4843
1.14258
-6.89751
2.61597
-1.78956
3.80393
9.34188
-8.81221
0.199444
0.404279
3.64763
20.1814
0.287125
0.119893
-19.5069
-13.7809
-10.2291
-14.0836
-1.05155
16.8795
14.8174
2.52992
6.97118
-0.603674
10.5775
-9.37533
18.6794
11.2202
15.1569
-20.4204
-7.27025
-19.2128
5.44679
30.382
-30.6496
0.0587211
2.26673
56.2593
1.10131
5.91792
1.3691
-0.941809
0.93727
1.50429
-143.373
13.5371
-4.23662
-15.2395
-110.672
2.86407
-37.6984
4.8802
-7.65748
-7.38023
-3.95099
-1.00171
23.3949
0.631884
114.367
-17.967
-2.68534
-0.562021
-1.88207
2.19071
-16.3868
-0.473534
7.55511
0.513502
9.68153
1.59289
4.18623
-2.53082
1.18522
-4.926
-15.336
43.6428
-4.88728
-10.7485
0.199809
-7.99232
2.3014
-17.6029
-0.0779639
37.116
-1.03917
93.0173
0.174561
-2.30238
-0.392291
-0.602572
1.36993
4.03218
-5.60072
10.7845
0.438065
9.15682
-0.440309
-16.1822
2.74648
-11.8457
12.5625
-22.2739
1.09594
55.2746
134.894
-3.2203
-12.4854
10.8362
-5.9062
-8.19622
0.467568
3.80487
-10.8886
-2.32782
-4.08943
17.1703
17.0384
19.3659
0.476367
2.82218
8.49238
9.38119
-7.22285
-5.6585
-5.40633
6.74346
-7.4818
-0.946607
28.0333
31.5141
-0.752508
-14.2621
-31.2939
-11.7296
-4.03191
4.90752
-47.0882
2.88097
1.30016
8.09423
-2.50291
-0.0642179
11.0517
13.8362
19.6383
10.0624
-3.00373
0.889366
8.88957
10.663
1.0102
29.2907
3.13865
11.0629
-3.04612
0.21085
-2.1532
6.42479
-0.192508
9.29049
-22.2472
-33.3546
-3.75567
-7.25436
6.25665
16.8973
-28.0488
2.24924
-5.83782
2.39708
23.9421
1.25348
-6.02247
-7.44602
-0.768715
5.9833
3.52654
1.15888
24.7136
2.77952
-0.318525
0.679346
-8.87077
-26.4243
12.4177
-32.6939
8.0403
209.634
-36.8348
-0.362642
12.0539
8.25432
13.479
-13.1895
-7.87033
-14.5836
43.1574
3.91994
25.7558
1.33334
-22.5698
143.194
-2.92722
-6.40343
4.4622
-8.2423
5.58987
-1.35442
1.46299
-1.84324
7.46272
-2.89216
-1.70007
41.4431
3.6526
-1.54722
-13.5501
0.970698
-9.94675
-15.2059
10.4024
-7.51528
-1.44756
-1.39837
0.303192
-6.17167
-3.07526
-3.21617
5.80809
-39.3572
49.0286
-17.5249
-4.16647
-60.646
-2.79695
13.8452
-13.1798
-0.731099
-6.51655
-1.91529
-1.78826
-2.04969
23.8872
3.07691
-3.42811
25.5985
-46.2996
0.978134
-7.4061
-112.365
-34.1811
-6.14788
0.222689
1.65348
-4.31313
-13.8159
-26.9223
74.0431
22.9604
0.209745
0.292006
5.80297
-14.8311
33.4239
18.1086
19.6464
-23.7085
-9.35377
72.6248
-36.8652
-9.98363
-3.29821
0.704547
-1.03741
7.2828
-2.86398
5.46052
4.00034
2.75498
0.303591
2.05468
-4.28145
-12.3867
-1.58788
22.2078
0.317554
0.257986
-4.95123
4.13176
1.67365
12.4907
1.76808
-5.87483
2.94344
-16.965
-30.3971
0.00684783
-2.08729
5.20072
-3.1966
-20.8792
-6.35826
-3.56102
-18.0884
-1.2234
-5.3724
1.45053
3.90511
-4.23844
-3.58237
0.393021
9.4937
0.00313324
2.14407
-0.343238
1.65792
2.30206
0.117022
2.60784
1.40119
-1.45995
-12.1356
1.26986
-0.408314
-0.337212
-19.4477
8.47939
-5.15885
17.8403
-15.6952
0.918621
-24.1755
-3.23721
-37.2616
-0.74384
-0.375347
1.39108
-7.44904
7.95546
15.1766
-2.47741
1.55105
10.1605
3.80055
3.66621
-0.0347355
2.21947
-14.9072
-7.83234
-3.50695
-0.526376
-8.00256
-0.169102
-3.00178
8.91226
0.963893
-30.0599
-1.24501
-9.4075
-1.32696
-56.3988
0.00221305
2.89557
-6.29544
0.503799
0.126491
4.93878
18.8296
14.1582
22.7822
0.128281
1.6435
22.7653
6.7192
1.36425
-0.0153246
-39.4006
-0.96903
-12.6441
31.1503
-10.3558
19.6274
21.4577
-22.6782
8.41471
25.6397
-1.2567
-6.61974
4.02058
-16.3442
-4.21705
-2.44203
33.5865
-6.29411
0.584342
-12.5653
-33.8905
-26.5781
-0.806524
1.92776
1.18954
1.62749
-5.54842
2.35124
2.08422
4.53062
-3.36298
-21.76
1.29279
-0.110126
19.4947
-18.4638
31.7641
0.683392
2.33752
-2.93899
-0.467878
-4.63786
-1.57601
31.9419
-1.27911
4.5914
-2.23317
0.585688
4.68046
-2.47332
-3.05282
-31.2877
-3.33694
-0.389753
0.297456
4.47839
2.91027
-22.734
4.79583
-0.471932
-2.68609
20.8824
-0.216002
-0.682957
-2.07534
-22.1687
-5.42542
13.9553
1.3807
0.101984
5.6933
-0.716849
-7.75941
7.18613
-8.21593
-7.71109
0.631636
30.1055
0.748474
10.739
-28.2137
40.9615
3.30709
-0.115929
-6.37152
62.7053
-5.13057
-1.06988
-8.24949
-1.23547
7.24093
-13.4223
-31.4825
-0.619522
-1.87816
0.760337
-32.5488
0.958286
-30.1069
0.863122
-0.545595
28.7166
2.12124
0.649982
3.79048
13.2128
0.302184
-0.124394
-5.40636
-2.75185
9.17975
10.7505
-116.069
-6.27015
4.24674
-0.350693
2.65743
-44.6927
0.24581
59.5232
12.1842
83.3968
59.7991
4.89095
4.87813
-0.277738
0.335369
-0.174586
0.243846
-0.900847
-7.751
10.1426
2.92578
-9.30207
0.253064
-5.99242
-3.72979
-17.8779
7.82277
-54.5879
0.252922
-8.15573
1.77346
-5.82638
-5.55443
-2.93882
48.7706
1.37547
-6.90117
0.030655
1.35247
-29.3261
-5.93619
0.895928
-0.727211
-0.0828958
-21.2502
-38.745
48.8824
10.0995
-6.48627
-11.9835
47.3057
-2.83839
-2.68724
2.19986
-25.8843
-0.662447
-19.9183
0.705897
1.96548
-2.67944
-3.45339
-32.4654
-4.07481
5.42565
25.24
-3.61911
-15.0656
2.67409
0.832295
2.69668
-36.8959
4.24658
1.96811
-9.72896
-32.285
1.76624
0.790276
3.50996
10.1233
52.5203
-29.3224
-9.22663
-7.17003
2.6949
4.29794
1.77617
12.9884
-3.35642
22.5106
-8.80982
44.2237
-31.022
2.40582
10.4147
-22.9332
-4.35012
14.8986
1.31462
1.77464
1.40849
-4.2479
-0.683981
11.6759
-1.99879
-1.29843
-13.4069
-2.05975
-2.5842
-8.11548
8.95971
3.5728
-1.39246
-2.5145
-0.53589
-6.37267
-30.5097
-14.2394
1.06606
3.11217
-0.431526
3.75366
-9.87352
-13.2802
4.80447
43.9854
-32.1744
-1.35564
0.792362
-6.50203
-16.3593
0.900856
20.7572
-0.352758
3.01032
-43.6634
-10.1305
4.20537
-10.2085
-0.820983
-1.28237
-6.14056
0.352908
-2.31597
125.161
29.3988
-1.26036
44.1045
-28.7757
-7.17771
-10.2926
2.10858
-31.2391
-4.0782
-103.062
5.03503
19.3442
12.1492
-0.988412
6.60623
20.9521
0.203926
-31.8584
11.4248
-15.8539
0.678664
-23.4509
-22.8123
-4.00896
-1.55183
5.64107
-6.88527
3.24296
-8.03777
-3.9885
-8.47796
-0.659532
0.635203
-5.68604
35.7351
8.43977
6.00276
-4.51772
-20.3026
8.84025
0.697281
10.0825
-11.0424
-12.8729
-20.9646
-1.13038
60.3773
-15.7044
-0.980143
15.6414
59.3073
21.7297
-0.338105
0.257548
2.05758
-28.4647
3.62515
39.3856
56.0039
-4.82787
-7.31447
-3.47607
-15.8891
4.23993
23.8487
25.82
15.2158
-33.8091
2.76127
1.58238
11.3895
-3.03956
-5.259
0.97456
-7.93931
2.70034
0.23982
-5.7963
-0.951937
-24.4513
-7.58702
40.9184
-3.91054
2.94429
-0.496145
11.5265
0.196391
4.65663
-5.38992
1.91826
-8.60111
3.75288
8.15432
1.07506
27.6795
-41.663
-29.3688
2.37596
-24.3072
-22.224
10.0409
-3.05774
0.534207
-0.844998
-8.54301
-33.9917
-3.72451
13.2194
-2.28103
-0.185429
-6.99408
-0.000565704
3.51
-3.16755
-10.0369
5.03204
0.988255
-9.23636
48.6619
-40.8867
-9.45983
-28.671
0.894216
-19.1667
-3.25418
-3.57997
-17.4608
-4.34058
8.22205
-19.5998
-5.46315
-0.158404
-32.3171
0.4193
4.47417
-6.65154
-233.539
-11.014
1.54806
0.0553998
-19.2746
0.123493
11.262
3.04707
5.70267
0.929404
33.0686
14.5438
37.068
1.50263
-41.5916
-0.580488
-9.09187
-102.206
2.05242
-1.40774
-2.2915
-19.8779
-49.368
-2.94013
-14.3155
0.446417
-7.66728
0.986011
3.47615
-9.90037
0.092815
-2.77431
-19.8458
-7.15504
12.4607
-12.0478
-16.6405
-4.37961
-0.681171
2.67747
-66.4102
-8.18718
1.19697
-0.917417
-0.432335
2.03957
-33.6717
25.6903
1.79569
5.23839
7.96409
-16.9426
-2.78744
-15.368
-2.80396
6.93596
1.94824
6.75519
0.923576
4.6499
0.396797
-1.34187
-17.5548
0.811221
3.03483
2.3069
-15.2697
0.645157
1.61395
-4.86629
24.8266
-20.4636
32.9269
-10.5117
-7.33569
5.26257
4.93839
-24.7401
3.96839
-56.0478
10.9263
7.43872
-0.645399
-1.02676
-38.0928
62.2465
3.18337
-20.5015
21.7573
-31.1323
5.14781
-0.255611
-4.67161
-39.1218
-15.1926
6.60218
4.21264
2.97282
-0.170118
-0.385879
-3.24054
0.270521
1.03874
-0.110322
2.78473
-0.871258
-12.4282
-5.66343
58.8484
-34.8307
-2.98059
16.5685
-1.19248
18.3039
-11.5372
-2.42938
-6.87611
-0.835366
-36.5283
1.06228
-87.3192
3.07472
-17.8829
-3.95972
-0.887962
0.890594
-0.61381
-12.6524
-2.12943
9.35016
6.33548
-3.90917
-15.2672
-0.895387
7.08405
-28.3517
-9.03763
-20.5246
-42.0461
4.60072
-4.79144
21.5606
14.6589
0.0947093
-2.93728
-1.99378
-1.31645
13.1267
7.15051
-5.0958
-7.3776
3.46599
-2.73661
-1.36222
-0.280649
-4.2248
-4.03818
-1.07796
6.32046
5.53742
-9.45734
-2.92468
0.688553
-5.1641
-18.7369
-0.78999
-1.96124
9.05628
-17.9606
-15.562
6.94784
-0.581836
6.90863
5.25258
-14.5048
-0.57809
-59.5643
-24.547
8.06896
68.2053
-0.309855
-11.2605
-10.787
3.61404
-13.5183
10.5797
5.97648
-17.3558
4.92019
1.33475
-1.49045
18.3036
-2.65564
-3.09702
1.04527
11.7687
-2.87282
0.0109615
8.29267
-1.09909
11.7924
35.2564
0.201351
-8.89034
-11.6964
1.17002
-5.20187
15.7522
0.242111
0.549981
22.5418
2.51426
22.5704
44.4382
7.1896
-8.24134
-34.3283
-0.411521
-10.0249
2.90108
1.09395
1.66774
-0.118554
2.56238
-9.5653
-4.30545
1.9666
16.3207
-12.525
-1.67132
3.0401
13.3922
44.7393
-5.14306
-20.0705
39.1851
-18.3098
3.67062
34.3767
13.9548
3.90902
22.7971
-5.27993
-0.971472
0.35925
20.6061
3.18852
-0.74465
2.7563
6.13211
-2.0426
-102.49
-10.6238
15.093
-18.1439
62.0307
-7.72742
14.7449
1.54528
-3.77313
4.32347
76.4762
1.89312
2.40642
2.52208
-4.91605
-2.87297
0.441163
4.69839
-6.36894
4.87244
18.9517
7.13304
2.94745
-50.1896
-21.8206
-65.9094
0.0295778
-1.20208
3.99267
-0.70229
12.1375
-7.09232
3.87672
15.5846
-11.8363
0.954016
-10.2689
2.92394
0.605403
-8.87336
-27.7139
-5.79245
-1.34921
1.50112
0.166787
9.76686
-6.27045
-9.20284
3.48108
2.19214
0.621657
15.4263
-4.34472
-17.4383
20.7599
16.8077
-36.8207
14.2127
-115.834
-5.22185
-11.68
-12.0647
-5.69983
0.347854
3.10358
6.74446
-1.35385
-3.75311
5.39384
-15.7368
0.151422
-28.3513
-29.2146
-43.4755
33.3762
6.98611
-17.6412
0.037161
3.7643
5.08412
-21.5627
3.41289
35.7718
23.538
-14.4442
3.46758
-4.96115
-17.638
-31.5528
-3.64466
1.68917
4.88348
4.64927
3.97654
5.25907
11.5121
-7.89105
-15.1627
27.8337
6.25608
-0.906013
1.26366
-6.498
27.3765
21.8996
-8.0722
2.27236
1.04558
5.65795
-7.85022
5.48889
-1.05657
12.9225
-3.12012
35.1406
11.5944
47.9376
31.7032
-1.07075
42.1447
0.311737
0.440384
-18.7137
-1.15232
-2.99201
28.0316
2.5028
11.2539
0.390382
11.8233
15.3713
-8.6142
-8.38668
1.08889
-17.0055
7.08924
2.78257
-1.51886
-0.867075
-18.6694
-1.99134
5.2798
0.873229
-4.33115
0.33945
-2.04633
11.3588
-3.65266
-1.9206
-9.8663
26.6724
-50.277
-3.534
0.758439
-4.11231
-61.4679
0.66227
0.670076
-7.40742
-0.322125
5.76774
-0.563797
9.6965
36.3704
80.7724
-5.34226
-13.6279
-15.4598
5.62237
-6.28484
53.6547
-8.0994
0.340054
0.292081
-8.30581
0.281137
1.72295
-1.51005
-4.70644
-16.0992
-3.80657
-14.386
6.38131
2.18396
27.295
2.33417
-13.7282
-8.37715
-11.8707
-7.34501
11.7354
-13.1041
-28.8569
1.85642
8.48717
-2.38059
-41.8236
-2.10378
0.785514
-1.68696
-1.6164
-3.39427
-20.0499
30.0149
-0.778267
7.54538
4.2211
14.4964
0.319017
-1.5122
16.7683
-52.0813
1.07942
20.1754
-0.366889
5.20863
10.1634
-28.2877
-0.0559944
0.0620877
0.690751
-21.6979
-8.7552
-0.22477
0.567082
-3.56395
61.9368
0.908728
18.2191
-0.115018
-7.32023
-16.534
2.7875
-12.2208
5.75688
31.6977
2.29874
-0.438082
85.4943
-2.36286
2.67873
-1.19195
-0.198329
5.06988
12.1114
1.32146
-17.8417
0.0585908
-66.3406
-16.3698
-4.24776
-4.26155
-6.33034
0.0167267
9.28598
4.59321
-4.79405
-14.9243
-12.5687
0.166481
0.561161
3.88212
-16.9193
0.0505496
-0.471401
0.350806
-0.0245347
6.61662
-27.3835
0.0710198
84.0328
36.9412
6.93124
-40.8548
21.8988
-4.86377
-46.9845
19.0607
16.7806
0.995479
-6.95038
-6.93751
41.3537
0.863369
-0.223027
-9.1599
-22.2799
1.88941
9.82987
-0.0643194
-6.50421
5.90208
13.9393
23.6957
12.2833
-17.1724
2.3949
3.45091
20.6761
0.740035
6.64057
-2.68541
2.08845
16.4976
2.34923
7.27282
-0.713229
7.25032
1.06453
18.0165
0.259281
-3.48596
1.18855
0.606329
-78.8962
2.34243
-2.09569
-33.7303
1.18786
16.8241
-8.94231
1.29892
-2.31647
3.61414
61.9911
8.32478
1.18199
5.9059
-16.7
19.1663
26.5019
1.45047
16.3365
-6.68599
-7.03632
-3.14654
4.35953
-12.1909
-5.26939
-9.40294
25.6401
-5.69402
-1.33771
2.36969
-0.216215
24.4443
-1.78708
7.13185
-22.009
4.35999
0.453972
-72.8079
-26.8603
-4.91266
-50.0379
1.14775
-1.53353
0.388675
13.0285
1.52613
-10.4944
0.0397064
-22.9488
1.73953
-0.152626
-18.1289
-4.51815
-4.85139
-0.540617
1.87349
-8.94551
-7.04652
10.1739
-1.27028
-0.205143
0.767499
0.291787
-2.30501
-4.53351
-0.975956
-50.0611
0.825735
0.410554
2.05654
-20.9195
-2.74419
-10.4859
19.3081
0.623761
5.16792
-27.8946
-12.6847
-9.77771
12.0871
3.88932
74.87
-66.5856
6.15547
-3.82184
9.87137
