-1.34789
-0.834304
0.621424
-0.534509
-0.0691645
0.796739
1.3243
0.0365151
1.60854
0.540685
-0.522631
0.274826
0.610427
0.299134
-1.65755
-0.221135
-1.54624
0.747729
-0.606846
-0.221006
2.27826
-0.151452
0.111371
0.264382
0.246858
0.642616
0.603871
-0.917974
1.04154
0.0240773
-0.151168
0.900278
0.282089
1.27331
1.12299
-0.690839
-1.0031
-0.521013
-1.22288
0.771699
-0.670108
1.87375
0.668976
-0.547331
2.01717
0.24404
-1.44634
0.276192
-1.52583
-0.785555
0.432839
-1.18286
-0.208586
0.597397
0.454219
0.09271
0.17683
1.40467
-2.00808
-0.274837
-1.51505
-1.20312
-0.0333265
-0.862712
0.415689
-0.947796
-1.73222
-0.414823
0.153248
-0.43149
0.0922332
-0.115423
-1.70741
-0.749471
-1.72084
0.790043
0.273162
-0.294127
-0.505642
2.5095
0.310863
-0.57827
-0.59365
-0.448405
-1.69304
1.71734
0.0196616
0.385243
-0.390244
0.457323
0.616427
-0.295927
-0.430459
0.42448
-0.19603
-1.58985
1.33386
0.974904
-1.57639
-1.38699
-0.55267
0.23974
0.30716
1.44027
0.890171
2.31995
1.56231
0.907518
-0.570841
-0.634007
-0.320978
-0.25386
0.521338
-1.02502
-1.07266
-0.0738608
0.164738
0.131219
1.08429
0.688636
-0.119375
-0.277994
-0.0915834
0.62744
-0.539579
-0.152436
0.275006
1.21627
-1.89194
-1.54285
0.37738
-0.110871
-1.17691
-0.0319598
-1.67254
-0.133452
0.388543
0.0289682
-0.677655
-1.32663
2.23747
0.584663
0.417084
1.70309
0.131161
0.118379
0.0915221
1.24956
0.742127
-0.692401
-0.434687
0.268607
0.772781
0.75306
-1.20523
0.273744
-0.873275
1.0794
-0.452094
-0.256135
-0.657542
-0.79955
-0.669535
0.0954829
-0.524948
-1.8399
0.145224
-0.818945
0.946563
0.98106
1.12274
-0.129896
0.359273
1.02678
0.832501
0.174491
0.929551
0.664239
0.130051
0.209328
-0.598852
-0.733198
-1.81645
0.387787
-0.117579
0.432497
0.058287
0.0700595
0.24566
1.02824
2.01371
0.029861
-0.285513
2.03469
-0.53838
-0.844937
-1.31161
-0.918878
-0.019748
0.241256
0.944899
0.740626
-0.729563
-0.296077
0.932499
0.503199
-0.120179
1.09634
0.873919
0.658254
1.3555
0.0176406
0.89166
-0.745095
0.39915
0.127636
-1.54323
0.496383
-0.616284
1.0477
-0.717858
0.76213
-2.29428
0.346704
-0.769163
2.21006
0.684138
0.94864
0.814632
-0.231732
-2.06791
-1.4735
0.919224
0.224051
1.53957
0.0167296
-1.37584
1.52139
0.472769
1.32435
1.39647
-0.0328791
-0.728743
0.174708
-1.14215
-0.531815
-0.534821
0.6616
-0.607211
-1.38718
0.752338
0.477021
-0.354569
0.493282
-0.259804
-0.657921
0.154879
-0.281441
-0.138403
-2.19295
0.212913
-1.7944
-0.544453
-0.685182
-0.843815
0.0022618
-0.529531
0.84033
-0.947373
1.16697
0.0366521
0.918049
-0.850492
-0.915427
-0.570029
0.929834
-0.409812
-0.0362082
-0.193937
0.803244
0.155571
-0.555552
-1.86933
-1.29328
1.77833
0.352089
-0.0629025
1.05605
-0.189624
-0.00729304
1.85952
-0.329162
-0.513343
0.451576
-0.397434
-0.171658
0.924485
1.55165
-0.934891
-0.325682
0.171821
0.831677
2.48694
-0.91001
0.366251
1.27286
1.54631
-0.844392
1.7504
1.0192
0.39892
-0.107326
-0.864407
1.26513
-0.539116
1.5479
0.949521
-0.56013
1.13191
-0.605464
-0.378041
0.495883
1.49717
1.12985
0.497407
-0.23091
-0.228473
0.760742
-0.854392
-1.181
-1.92542
-1.27314
0.438802
-1.36766
-0.745407
-0.503416
0.357259
0.0990658
0.551925
-1.11757
-0.877329
-1.32482
1.37254
0.653211
0.987737
-0.0725748
-0.543142
0.894561
0.440642
-1.06132
-1.7827
-1.11424
0.951907
-0.324714
-0.426569
0.496606
0.486631
-1.86622
-1.38532
-0.534362
0.854341
0.324509
-1.89695
-0.020121
-1.73824
-0.421849
-0.519639
-2.0999
-0.557227
1.22307
0.43168
0.992065
-0.676705
0.558361
-0.160163
1.41873
-0.254482
0.285471
0.149397
0.3156
-0.81315
0.232703
0.695193
0.604456
-1.59679
-0.195785
-0.0948592
0.506195
1.43354
0.356641
0.479777
1.1666
-1.25996
1.50416
-0.408718
-0.300033
0.907855
0.376965
2.18499
0.452674
-0.760141
1.08716
-0.618796
0.15537
-1.18334
1.51655
-0.18743
-0.667083
1.56633
0.774402
-0.930599
1.67884
0.519824
-0.169169
-1.18969
-0.988123
-0.318115
-2.86869
0.258271
-0.576038
1.1566
-0.19043
0.543468
-0.728087
-0.106763
0.471206
-1.56316
-0.198681
-1.20275
0.548593
0.205455
-0.322758
0.927696
-0.627752
1.2402
-0.439059
-1.01716
0.767937
0.26529
0.922743
-0.361939
-0.610809
-0.478963
-1.19329
-0.856602
0.64458
0.548335
-1.41821
0.379435
-0.57948
0.318655
1.77543
-0.565792
-0.296438
0.851025
-0.312136
-1.17477
0.0825375
1.68984
-0.0601568
0.762242
-0.232574
0.646944
0.13124
-0.874241
0.510935
-1.36201
-0.916785
0.101733
-0.0938712
0.367332
0.175192
1.44781
-1.10371
-0.878665
-1.31494
0.635515
0.541916
-1.43634
-0.608719
-1.48071
1.08217
0.347495
-0.916144
-0.123193
0.832613
1.09405
-1.37067
-0.299331
-1.70007
0.716317
0.595633
0.161637
-2.00314
0.696131
0.70214
0.768844
1.47607
-0.368992
-0.810285
-0.958857
-0.354555
1.02011
-0.43655
0.973847
-0.0752321
-0.42675
0.849806
0.799339
-1.2263
-0.988461
1.67959
1.83097
0.0411853
-0.293703
-1.77764
0.151409
-0.253347
-1.08128
0.298152
0.928577
-0.280877
-0.304804
0.256331
0.37171
-2.17307
-0.116227
2.06804
-0.00573416
0.447545
-1.1711
1.09627
-0.298641
0.185643
2.3271
-0.765137
0.768011
1.58392
0.961664
1.52404
-0.369862
-1.28567
0.422924
-0.958058
-1.01809
1.94065
1.82188
-0.645915
2.65877
0.0362817
-0.602296
-0.299701
1.15927
0.221656
-1.88929
0.01312
-0.978753
0.738968
0.266956
-0.63919
1.01693
-0.683014
-0.0639975
-1.70782
-1.24173
-1.41323
1.27276
0.51575
-1.08978
-0.398144
1.1882
0.239036
0.0658876
-0.464714
-0.948241
1.1627
-0.397766
-0.724865
-0.625652
-0.454914
-0.183618
-0.560801
-1.10756
0.0989955
-0.434517
-1.00126
-0.0137781
1.29877
-0.145363
0.287587
-0.704977
-0.335851
-0.00338558
0.663544
-0.953376
-0.0127006
0.777399
-0.536547
-0.854829
1.22525
-0.501731
0.881749
-1.84633
0.573305
1.39451
-0.720408
0.856795
1.06334
-2.30343
-1.33418
-0.284292
-0.588833
0.890778
1.48866
0.0732796
-3.14198
-0.0279211
-0.552078
0.874698
-0.700434
0.531211
1.54033
-0.747189
1.41309
-0.11716
0.718118
-0.0170264
0.894273
-0.531591
-0.587782
0.308854
1.8204
-0.567881
0.731875
-0.192579
-0.366157
0.755466
0.977397
-0.914022
-0.0343364
0.381693
-0.679141
-1.74471
-1.05515
0.682975
-0.316352
-0.492408
-1.12276
0.816521
-0.935315
1.09487
-0.217978
0.979204
1.52665
-1.85483
-0.602997
1.10117
1.47165
1.5275
-0.889882
-1.17434
-2.31439
0.878714
-0.0517004
-0.675386
0.757931
-1.07416
-1.38501
-0.566532
0.396961
-0.0343203
0.493802
0.25007
-2.1866
1.85096
0.184893
-0.556721
0.742974
1.375
-0.591392
1.68739
-0.469631
-1.37998
-0.508239
-0.298518
-0.25986
1.30991
1.36633
-0.0751165
-2.20763
-0.698514
0.355253
1.50752
0.134173
-1.80417
0.183195
-0.591571
0.699946
-0.109864
-0.111277
-0.162876
0.049164
-0.99028
0.081634
-1.48655
-0.302549
-1.57025
-0.61529
2.77861
2.34633
-0.723603
-0.611705
-1.04507
-0.328469
0.138777
-0.39863
-1.11355
-1.49933
-1.27084
0.538857
0.784685
-0.506862
0.611906
-1.10221
0.622589
-0.225116
2.50381
-1.45922
-0.411786
-0.407943
-0.343345
0.211086
-0.765196
0.0670257
0.0165044
0.876367
-0.676193
-0.287575
0.205648
-1.19303
0.536065
-0.736528
0.169115
-0.484187
-0.745974
-0.292649
-1.48275
-0.411001
1.02174
-0.939497
-0.0883329
0.238844
0.0984934
-1.2492
-0.219106
0.94387
0.837446
1.05866
-2.77296
-0.6269
0.49605
-0.275873
0.57247
-0.200562
0.373363
-0.48198
0.482666
-0.612192
0.361178
0.158225
0.959737
-0.538371
0.964913
1.2844
-0.114931
-0.213783
-0.0422387
-0.0618025
0.500165
0.1713
1.26923
-3.20399
-1.56503
1.80213
-0.480052
-0.432549
0.385072
0.743608
-1.39838
0.128836
-0.698972
0.057357
-1.27139
1.20648
0.761321
0.133166
-1.02546
1.07997
-1.91267
1.75352
0.708647
-0.304256
-2.37693
1.21909
-1.9568
-0.372296
-0.443844
-0.213499
-0.232416
-0.286703
-1.01778
0.0458836
0.0926534
0.671594
-0.528085
0.0215942
-1.69781
0.93563
0.744526
-0.825229
0.182584
-0.241754
-1.79887
0.638649
0.187434
-1.12966
1.25671
0.753349
1.12108
2.08716
0.709842
0.437004
-0.664762
1.55241
-0.3874
-1.09347
-0.261061
2.67877
0.516745
-0.688593
0.584763
1.21407
1.33532
-0.293416
-0.89628
0.747501
-0.419871
-1.22635
1.62047
-0.125202
0.174574
0.595432
0.67226
-1.60586
-0.335655
0.358451
0.275911
1.18962
0.488014
0.225889
-0.0142887
-1.79974
0.665217
1.5642
0.505975
0.480129
1.44373
-0.478305
0.954094
0.802705
0.710033
-0.405982
0.217683
-0.221637
0.439591
1.64813
-1.06751
-0.885685
1.38772
-0.642468
1.30612
1.50558
-1.04427
-0.123684
1.01604
0.805755
-0.619155
-0.792105
0.735713
1.96013
1.93337
0.487992
-0.0130806
-0.411951
-0.483799
0.408938
-1.66997
0.24791
0.563322
-1.78369
0.144854
1.6297
0.883716
0.239059
0.651225
1.14933
-0.280076
-1.30202
-0.0601492
-1.63849
0.426301
-0.976768
-0.0195647
0.116663
0.368833
1.6034
-0.83637
-0.450077
-0.788283
-1.02552
-1.32382
-0.513725
0.69621
0.719195
0.0466082
1.15141
1.54122
-0.860952
-0.941081
0.0914402
0.444107
-0.446222
0.848398
0.113271
3.51369
-0.0488385
-0.754375
1.84776
-1.73185
0.634017
-1.66086
0.0127633
-1.1339
-0.164061
0.373287
-0.323648
-0.470366
-1.93718
0.702727
0.240589
-1.05825
0.955093
-0.28584
-0.239973
0.798633
0.568269
-0.0603274
-1.99467
1.96423
0.270553
0.625253
0.198526
-1.44733
-0.769148
0.132158
0.0604197
-0.362597
0.319909
0.801885
0.0319261
-1.01126
1.08776
0.485618
0.430746
0.22942
-0.813969
0.732054
-1.17045
3.21346
-0.866209
-0.399579
-0.603899
-0.0192606
-1.07333
-0.73309
-0.302632
-0.780055
-1.28683
0.0498446
-1.50755
-0.273424
1.47474
-0.0115426
-0.209547
0.717139
0.124445
0.606272
-0.489855
-1.33558
0.422477
-1.59058
0.850025
-0.301073
-0.372555
1.5273
-0.499241
-2.35026
-1.54464
0.803601
-0.465769
-1.92343
-0.474345
-1.03174
-0.156045
-0.973249
0.542258
-1.71917
-1.40431
0.613171
0.411602
0.456864
0.743626
0.997361
-0.577841
0.336278
1.35397
0.253377
-0.189425
-0.66385
-1.37947
1.7262
0.951648
0.434439
0.121769
-0.0336708
-1.57435
-1.27049
-1.10068
1.19542
0.691817
0.343416
-0.184235
0.0688244
0.86269
-1.44723
-0.996286
1.90301
-2.01574
0.879905
-0.648184
-0.74436
-0.620717
0.559289
-0.103809
0.0205519
-0.285937
1.33605
-0.878504
2.39791
0.312962
0.524799
1.35929
-0.395765
0.777924
-1.13244
1.28315
-0.521931
-1.80824
1.00118
-0.574065
0.374341
0.10587
1.10842
0.432132
0.446596
-0.968034
-0.647017
-0.757138
0.979821
0.0365886
-0.270389
-0.506508
-0.526644
0.547019
-2.14708
-0.72005
-1.83496
-2.43365
-0.319947
0.148466
0.538087
0.475706
0.530743
0.0328461
0.308157
-0.386467
-0.567509
0.867311
0.416749
0.229583
-0.446714
-0.726098
0.097729
-0.650517
0.521537
1.18674
2.32624
0.480484
1.18703
1.22208
-0.909744
-0.625869
-0.492834
-0.0303167
0.314103
1.2783
-0.418132
1.32243
1.40357
-1.25015
-0.5707
-0.965025
1.3872
-0.805014
-1.09057
-1.05372
-0.278055
1.20056
1.00674
-0.882512
0.329917
-0.818458
1.35069
1.27046
0.187809
0.675692
-1.19641
-0.25002
1.64426
1.14049
-0.354117
-0.882494
0.793396
0.228853
-0.603342
0.436922
0.690034
0.338615
-0.633371
-0.237619
-0.511619
-0.0806722
0.621688
0.520555
0.720904
-0.352518
-0.280489
-0.482863
-0.203669
-0.55277
-0.780048
0.887264
0.0492905
-0.83395
-0.038381
0.939974
1.13353
-2.76416
0.683181
-0.522676
0.0245869
0.181078
-0.261821
0.370088
-1.5214
-0.152314
0.455403
1.05086
-0.0583031
-1.61064
-0.547968
0.712577
-1.33222
0.448968
-0.994302
-0.0590227
0.503669
-1.55613
0.651173
0.0671913
0.18387
-0.480825
0.16771
-1.08769
0.0730545
2.18242
-0.0567761
0.808615
0.879936
0.423591
0.655731
-1.40469
-1.23201
1.55147
0.132843
-2.41617
0.26515
-1.90548
0.758419
0.866999
-0.265734
0.385252
-1.3442
-0.964477
1.02341
-1.53414
-0.982146
-0.0488574
-0.50443
1.26018
0.440161
-1.04644
-0.826659
-0.900286
-0.372944
-1.01414
-1.51896
0.956609
-0.924287
-1.01099
0.109806
0.468742
0.699005
-0.329208
0.769769
0.321363
-1.34283
0.678114
0.172706
-0.481776
0.213864
0.677422
1.60226
0.235248
0.275313
0.924083
-0.0442032
-1.33848
0.0398129
-2.05941
-1.49721
0.00425982
-0.391593
1.62212
0.570365
-0.85448
0.30219
1.53535
1.33081
-0.542136
0.0430354
1.20045
0.916734
-0.133701
-0.436095
2.02582
-0.0197878
1.70039
-0.20648
0.512791
1.90043
-1.52711
1.02256
0.615154
-1.96038
0.676071
1.31962
0.274187
0.633822
-0.0451124
2.07549
-0.526627
-1.37405
0.863185
0.597733
0.752123
-0.526058
-0.753497
-0.0547794
-0.179361
2.41403
1.28584
-0.788964
-0.86194
0.170829
-0.966904
-1.58161
-0.927514
1.18836
-0.172231
-1.89331
0.0380158
-0.396944
0.467427
1.78993
1.56915
-2.01693
-0.425943
-0.199106
-0.493365
1.5307
-0.355196
-0.529196
-0.140355
-0.411181
1.11767
-0.810956
0.565409
0.0206435
0.250056
-0.272341
-0.570783
-1.33133
1.53754
-0.29824
0.0413087
-0.731035
0.555411
1.15057
0.690535
0.346819
0.513589
-2.72332
0.681025
-0.729301
1.87308
1.75277
-1.02321
1.91771
-0.950069
0.569372
0.702182
0.22216
0.161284
1.33276
0.647231
0.572666
-0.0746405
1.06515
0.464037
-0.134055
-2.12669
-0.950021
0.847813
1.25696
-0.901082
-0.756417
-2.61729
-1.06133
0.367775
-0.414561
-0.965202
-0.879027
1.65721
-0.358145
0.339208
-1.56435
-0.293098
1.43689
-0.0583651
1.08679
0.748202
-0.778594
-0.987834
-1.45888
0.117375
-2.14033
-1.07996
-0.229889
1.42049
0.189211
-0.00828955
-0.743229
0.148457
1.33931
0.131525
0.380763
-0.0497448
-1.83833
-0.204469
0.547183
0.129975
-0.618916
-1.43902
0.294158
0.834698
-0.805922
-0.0935879
0.0562757
0.0983816
-0.655018
0.28557
0.366158
-0.87397
-0.945968
0.815958
0.288303
-1.08679
1.01053
-0.75198
0.954852
1.73771
-0.813005
-2.50894
0.617392
-1.68496
-0.515453
-0.948335
-0.364368
0.14802
0.441887
0.189881
0.0599955
0.130195
-0.433335
0.049275
0.846158
0.641592
0.389219
-0.131291
-0.174326
0.297294
0.442268
0.552388
0.457743
-0.80504
-2.32299
1.12918
0.547691
0.620543
1.33496
-0.339965
-0.155671
1.80428
0.214332
1.59107
-0.551128
1.89387
0.547982
1.85109
0.859915
2.26445
-0.942192
0.379951
0.398082
-0.0623758
0.91317
-1.04419
-0.180432
1.13791
-0.125377
0.740602
-0.436095
-0.656477
-1.43531
0.468734
1.05682
-0.786372
-0.743623
-0.224857
0.363524
0.919305
-0.0242217
1.21313
-0.739294
0.105703
1.19355
-0.0149067
-1.39599
-0.765651
0.458254
0.595985
-1.017
0.560155
-1.07338
-0.727992
2.5167
0.157981
1.88542
0.502857
0.224585
0.338238
0.226577
-0.487693
-1.54339
-0.853854
0.644695
0.443881
0.46375
-1.05155
1.01779
1.50863
-0.479267
-3.73917
-1.22868
0.493454
1.44673
0.0140549
0.68427
1.49376
-0.0270729
0.951916
-1.02208
-1.27222
1.84894
-1.23997
-2.34736
0.0509604
1.16807
-1.40944
-0.637607
-0.347628
-1.22786
-0.589424
-0.406873
-2.21076
-0.993091
0.981887
-1.68552
2.75555
-0.523007
0.569527
-0.912215
0.0772663
0.73021
-0.411323
-1.80712
-1.00991
-0.350899
-1.27159
0.430086
-0.143892
-1.43014
0.949214
-0.531622
-0.677792
-0.553947
1.17099
1.49125
2.04476
1.50356
0.713574
-0.652963
-0.221658
0.349599
0.542161
0.747717
-2.60298
-0.0508329
-0.55927
0.23104
0.91198
-0.811334
0.427159
-2.06238
0.403196
-0.394993
1.01219
-0.452256
-0.652132
0.0516399
-1.30827
0.140406
0.557848
0.0355036
0.459528
1.764
0.21439
1.56004
0.445526
0.513533
0.699491
1.08686
1.12912
-0.106285
0.912612
-0.722905
0.198156
0.1487
-0.418706
-1.06658
-0.931933
-0.0537087
0.425491
0.901485
0.455113
-0.987632
-0.166306
-0.942003
1.05719
0.871118
0.326432
-1.37057
0.971882
-0.212303
-0.326382
-0.437875
1.02703
-1.30145
-0.993998
1.16376
0.244473
1.14903
-0.259127
-0.671331
1.1996
1.22408
1.99902
1.52422
0.480493
0.669492
0.0518488
-0.51013
-1.39804
-1.2711
-2.48858
-0.638596
-0.333286
2.82143
-0.273572
1.18468
-1.556
-0.23604
-0.00832684
1.22055
1.18249
-0.249209
1.34017
0.160365
0.942547
-0.595823
0.622999
-0.868138
1.05336
-0.806046
-0.922802
-0.653737
-0.032408
-0.206308
1.3712
0.205325
0.371325
0.726197
0.0209692
1.07858
-2.16636
-0.662919
-0.809586
2.30427
-0.010818
0.683639
0.0503953
0.322726
0.368523
-0.117925
-1.25431
-1.3723
-0.723859
-0.463735
2.56079
1.02163
-0.973466
0.3292
1.29971
0.600591
0.166677
1.8275
-0.503144
-0.260384
0.264926
-1.04847
1.35601
0.68052
2.44981
0.669192
0.911458
1.32621
0.0476503
-0.0625847
-1.25611
1.64503
0.254306
-1.4691
0.885578
-1.74901
-2.71784
-1.31732
0.0999503
-0.0870724
1.45131
1.06802
0.718271
1.11289
-0.617005
-0.50674
-0.979604
-1.78894
-1.43602
0.22438
-0.293457
0.215697
-0.683312
-0.189441
-1.06257
-0.190241
-0.471179
-0.728537
-0.269035
-0.204352
0.167738
-0.683156
0.131513
1.18925
1.26041
1.3467
-0.331432
-0.369981
1.33278
1.73029
0.127436
-0.911196
-0.354274
0.26243
0.249744
-0.157059
-0.445831
0.481308
1.12066
0.853063
-0.424119
1.9551
-0.376945
0.904915
-0.521672
0.0605856
0.599469
-0.764403
-1.1938
0.635736
1.34607
0.0858739
-0.291123
-1.53727
0.452263
0.127172
0.0132539
-0.935137
1.24464
-0.314058
-0.647734
-1.07714
-0.790499
0.54499
0.308552
0.529795
-0.398286
-0.747428
-0.0931965
-2.00775
-0.161924
0.226075
2.66626
-0.34298
-0.512966
-0.613189
-0.745935
-1.17082
1.10418
-1.09263
0.699415
-0.433902
0.283493
-1.96457
1.06794
-1.92314
0.0227637
1.52283
1.63259
0.235058
1.00647
1.79103
0.0458487
1.28479
-0.653398
-0.0667708
0.88037
-0.0052027
-0.158209
-2.3705
0.213239
-0.273786
0.680965
0.330183
-1.17902
-0.212793
0.729956
-0.0619291
0.650871
-0.184482
-0.705515
-0.258166
-0.234568
0.212592
0.909753
0.363421
0.660678
0.425913
1.73352
-0.57557
0.0961415
0.322438
0.578901
0.945264
1.07603
-1.43031
3.01035
-0.656333
-0.0109641
0.995559
0.0708598
0.314646
-1.66416
0.162182
0.67951
1.53618
-0.705939
-0.218266
-1.13268
0.0947666
0.794419
1.69979
1.50636
-1.80965
-0.200139
-0.855088
-0.958523
0.259094
0.444784
-0.524901
2.68448
-1.45664
-1.41418
0.44163
-1.45744
-0.715119
-1.92094
-0.589685
0.879652
1.31272
-2.49386
0.709325
1.78482
0.350024
-0.124883
-0.285836
-2.17433
0.934718
-0.767249
-1.2148
-0.986592
-0.697376
-0.941406
0.127703
0.206771
0.452244
0.839763
0.78373
1.00858
-0.00376532
0.0591062
0.620774
0.363407
-0.605909
-0.195284
-1.29012
1.24337
1.09694
-1.59779
0.396412
-0.15399
0.0490842
0.555249
-1.36549
0.0841571
0.128553
-1.20913
-0.0710949
0.789193
0.034732
-0.904293
0.0858351
0.919187
0.213234
0.409083
0.475861
0.222301
0.173624
-0.085526
-1.47235
0.0895531
0.719605
1.32655
-0.956727
2.43913
0.650787
-0.778862
-0.28497
0.0326968
-0.277787
-0.219517
0.00359852
-0.0271534
-0.0654708
0.738056
0.104615
-0.0233426
-0.37616
-0.45615
-0.905758
0.377846
0.165788
0.708066
-1.02219
-1.18255
0.083159
-0.320413
-0.759098
-0.412003
-0.138035
-1.58498
0.0168074
-0.855652
-0.472807
0.162691
-0.911733
-0.566282
-0.217648
-1.22378
-0.155077
0.0589037
-0.651331
0.0270676
0.050227
0.927328
-1.48957
-0.385091
1.06573
0.939677
0.770334
1.00872
1.15749
-1.12574
-0.899357
-0.203065
1.05782
-0.213796
1.37474
1.02645
0.322224
-0.0347112
-2.07978
-0.993667
-1.45834
0.160023
-0.317354
0.994096
-0.404147
0.573953
-0.238553
-1.08835
0.819762
0.461052
2.67148
0.143284
1.68283
1.12388
0.599468
-0.153318
-0.233886
-0.580807
0.202465
-1.90905
-0.543997
-0.721899
-0.094477
1.91105
-0.0419764
0.814512
-0.998156
0.0121251
0.554652
-1.43885
1.76443
-0.535444
0.513363
-0.0744867
0.833299
0.089273
-1.05493
0.282408
1.09552
0.799791
0.427691
0.024568
-0.704638
0.841419
0.285689
-0.421546
-0.515888
-0.501481
-0.387668
-2.71686
0.628718
-0.973857
0.061972
-1.42746
-0.768962
-1.5291
1.83719
0.0582167
-0.629063
0.212431
-1.77304
2.02393
-1.06983
2.09698
-3.19974
0.138599
0.692776
-0.534943
0.0319771
-1.07696
-1.02163
-0.285061
-1.2944
-0.512807
-0.434722
1.69275
-1.01984
-3.18042
0.499136
-0.289857
-0.174114
0.38207
-2.54391
0.121938
-0.755812
0.511113
0.49498
-0.138694
1.57982
1.07912
-1.20587
-1.22036
-0.00586587
-0.204742
0.257951
1.10083
-0.503767
-0.0615635
-0.42672
2.15817
0.21671
0.106752
-1.68051
0.625396
-0.651261
-1.08968
0.553639
-0.528042
0.384403
0.459832
1.02666
0.371544
-0.923041
0.541578
-0.305162
0.73278
-0.674436
-0.600156
-0.606603
1.72924
0.844667
-0.392078
1.11814
0.329949
1.6852
0.753839
-0.754326
0.350395
-0.589342
-0.188548
-0.510375
1.75013
1.49615
-0.321452
0.350286
1.11612
-1.43568
0.432358
1.01521
-0.199833
-0.606344
1.34648
1.61437
-1.57457
-0.162539
0.432668
-0.029875
-1.39806
-1.28959
0.358959
0.303513
0.865387
0.965985
0.314884
-1.10272
0.598606
0.58357
-0.456859
-1.05055
0.968993
-1.01238
-1.74306
0.282417
-2.81764
-0.990169
0.535807
0.221505
-0.296802
-0.854764
-0.613958
-1.1523
-0.090943
-0.492707
1.47129
1.43773
-1.17302
-1.51517
-0.30962
0.496548
1.08981
-0.645341
-0.37987
-1.26673
-0.952135
0.721317
0.159995
-1.05108
1.01408
-0.858798
1.84332
-1.34745
-1.31358
-1.12911
-0.949567
-0.715096
-0.559383
0.0735053
-0.433619
1.19539
-0.0865617
1.13818
-0.404516
0.024114
-2.5843
-0.251696
0.41644
-0.0306632
-0.816784
-0.341081
0.309484
-0.412163
0.45591
0.21582
-0.610997
-0.742725
0.015947
0.719981
0.225535
-2.04274
0.80128
0.706129
-1.08649
-0.956984
-1.10832
-0.18569
-1.07647
-0.644571
-1.5173
0.278622
1.31348
1.16853
0.591931
-0.672742
-0.570149
-0.513288
1.31812
-1.77643
-0.389555
0.271273
-0.455285
-0.920341
0.339386
1.68357
-0.317974
0.309615
0.0614342
-0.0588386
1.58339
0.596017
-2.21501
-2.22716
1.90582
-0.835214
-0.0933719
0.803441
1.40441
-1.03126
2.62721
-1.43773
1.6911
1.52742
1.96319
-0.804836
-1.14936
-0.0256255
-0.306031
0.678016
-1.83213
0.242452
-0.393542
-0.419961
-0.21143
0.439587
-0.311832
-1.08444
0.755344
-1.16703
-0.846342
0.748642
-0.40417
-0.887321
-0.432989
-0.752034
-1.47782
-0.551842
-0.0929219
-0.7461
1.62527
-1.20987
1.60323
0.830836
-0.218458
0.201529
1.05811
0.817053
0.463172
-1.06035
1.12407
1.03781
0.45392
0.09343
-0.208079
-0.859677
-1.49922
-0.642501
-0.166539
0.182078
-0.342296
1.9975
-1.05794
-0.528052
0.706966
-1.7519
-0.955651
0.522897
0.553924
0.177475
0.798945
0.599765
0.452284
-0.365607
0.245688
2.05058
0.996866
1.01446
1.9991
0.319957
-1.57743
0.36314
-0.205654
-0.158677
-0.171159
-0.762668
0.706378
-0.0717294
-1.13448
1.02358
-0.73353
0.181978
-0.138121
1.63868
0.800142
0.946028
-0.288005
-1.15556
0.217987
-1.42328
1.42599
-0.359482
-0.744575
-1.47992
-1.40492
0.469496
0.277728
0.401322
-1.04291
0.257604
1.09111
-0.627137
-0.694743
0.303501
-2.27989
-0.632501
-1.55002
0.168978
0.801132
-0.066562
-0.392929
-0.602381
1.3542
0.864475
-0.191509
-1.45877
0.223791
-0.317248
-0.440765
0.17646
-0.373173
1.21874
1.15073
0.69029
-0.348731
-1.36473
-0.29729
-0.0544439
1.06533
-0.75563
0.0486001
1.52893
-1.56598
-0.656201
-0.624437
-0.889844
0.297758
-0.938379
0.339001
-0.867156
-0.472506
0.242353
-0.615958
-1.191
-0.13044
1.78124
0.604845
0.814106
0.152028
-0.367046
0.461144
0.107689
-0.542218
-0.325713
-0.281814
-1.01372
-0.897904
0.542246
0.370999
1.5281
-0.242069
-0.308545
0.745743
1.20959
1.2367
-0.283709
-0.151354
0.359603
0.173217
-0.265408
0.222996
0.0607882
0.15708
1.08166
1.04752
0.537421
1.02761
0.559991
0.3621
-1.61588
-0.577342
-0.955652
0.909147
-0.815702
-0.957767
2.53627
1.92272
-1.08218
2.05768
-0.641344
1.23204
1.31633
-0.506801
-0.329598
-1.34914
0.587584
0.623412
-1.53945
-2.10743
-1.7794
0.254507
0.425204
-0.00117646
-1.08547
-1.04235
-0.790202
0.241269
-0.77674
0.589478
-1.17423
0.100314
-1.29681
-0.405461
0.714344
-0.0974098
-1.4719
-0.803221
-0.0507573
-1.15486
0.340958
0.551009
2.27063
-0.232788
1.97787
-0.894101
-0.325351
-0.0236991
-0.674925
2.28188
-0.358733
0.359474
-1.52122
1.3318
0.175627
1.26573
-1.35526
0.687684
-1.21181
-1.67204
1.79225
-0.257879
-2.35377
-0.0705906
0.31543
0.237069
0.377208
0.156083
1.0329
-1.34973
-1.20754
-2.13771
0.0559569
0.238
-0.0107958
0.933958
-0.448186
0.201504
0.642994
1.75729
-1.02914
-0.0115393
-1.65654
-0.555638
-0.221417
0.145573
0.231602
0.220962
1.05552
1.50703
-0.0120268
-0.422479
1.50925
-0.363225
-0.879416
-1.12785
-0.419872
0.694879
-0.62315
1.14997
1.11479
-1.58517
0.096649
-1.02808
0.811548
0.752336
-2.12772
-0.179404
-1.64221
1.07199
0.0213715
0.209741
-0.132279
0.768986
0.21341
0.506971
-0.37577
0.0627816
-0.576237
0.947565
0.534653
0.40199
-2.04557
0.546133
0.456987
0.306215
-0.931599
-0.306667
-0.256427
0.683741
0.679048
0.780834
-2.12454
-0.697889
1.73849
1.57401
1.23782
0.467899
-0.603452
0.365648
-1.6236
-0.00548096
3.10076
0.0198537
-0.513861
0.598937
1.55318
-0.269997
-1.65618
-0.0710198
1.74987
-1.94825
0.518466
-0.797467
0.134732
0.15674
-1.31831
0.380795
1.57381
-1.00651
-1.14391
-0.945198
-0.290197
-0.684323
-0.608459
1.59008
0.559959
-2.2131
1.57612
0.302273
1.61267
-1.01737
0.0750113
0.745583
1.41397
-0.175425
-0.816102
-0.14146
-0.419431
-0.399552
-1.06415
1.34964
-0.267484
0.621952
0.337835
-1.1032
-1.27182
-0.874453
-0.219187
1.65388
-1.52136
0.457634
-0.100838
0.787411
-1.26286
-0.466693
-1.44443
0.0310387
0.215332
0.987718
0.648001
0.27141
1.42314
0.684156
-0.585381
-0.128641
0.0345259
-1.34458
-1.80667
1.30057
0.365523
0.961479
1.14824
-1.09265
0.776109
0.812001
0.605282
-0.169807
-0.456984
-0.641757
0.628467
-0.526728
-1.5308
-0.852019
1.78517
1.60805
1.47933
-1.17831
-1.00019
-0.202182
0.756017
0.454519
0.1432
-0.62163
1.66189
0.473329
-2.09172
-1.43348
-0.432188
0.214613
-0.437947
-0.675384
0.526075
1.2767
0.309486
1.12364
-0.186497
-0.30352
0.195918
0.215544
-0.844176
1.04654
-0.0435539
-0.430057
-0.396762
2.43202
-1.60342
0.268286
-0.0357641
1.00318
0.505149
-1.64541
-1.7615
-0.132018
-1.24594
0.149442
-0.417542
1.12183
1.48679
-0.036935
2.08182
0.163167
-0.213236
1.03292
2.09098
-0.985632
-0.300576
1.00494
-0.730737
1.10903
-1.23002
0.471007
1.29304
0.752297
-0.988925
0.144563
0.328887
0.0765452
0.656142
-0.545698
-1.03773
-0.375728
-1.87014
-0.678843
-1.88596
0.117956
-0.93927
1.35094
0.812961
-0.587732
-0.187397
-0.675782
-0.802408
1.89919
-0.155443
-0.259686
0.476373
-0.0457144
-0.0503783
-0.125101
-0.151785
1.89906
0.319293
0.448364
-1.79047
-0.604564
-1.28369
-0.0071826
1.07335
-0.888447
1.595
0.254957
2.55092
0.869543
-0.258008
0.936474
-0.618962
0.195568
0.0384007
0.856719
0.216399
-0.727755
0.22888
1.08573
1.30369
0.724402
0.190122
0.775239
-1.20924
1.20284
0.434853
2.09835
-0.415904
-0.573139
-1.77275
-0.407378
-0.375376
-0.684313
0.0121109
0.963667
-0.0142785
0.859075
-0.439694
-1.71385
-1.09559
1.44017
0.217846
0.787418
0.60455
-1.56848
-0.776126
-1.48227
0.108716
-0.661446
-0.190607
2.08063
-2.05638
0.219579
0.405985
1.788
-1.70081
-1.03882
-0.383194
1.34019
-0.78472
-0.913064
0.702435
-0.10579
-0.47913
0.811514
1.2038
0.643173
0.708087
-0.600033
0.536454
0.922255
0.913497
-0.109924
-0.423523
-1.00447
-0.172066
-1.21403
2.04741
-0.130771
0.271304
-0.676409
-1.06596
1.83604
-0.275373
0.0791898
-2.44457
0.611545
1.16211
0.464079
-0.224449
0.500315
-1.32848
-0.983892
0.808323
-0.145727
0.586019
-0.984053
-1.70027
-0.0856596
-0.811384
0.976712
-1.4898
-0.246228
1.30472
-0.963622
-0.682016
-0.480151
-0.625587
-0.281571
0.76305
-2.85448
-1.3926
0.850527
1.11952
0.264385
-1.04786
1.25627
0.769125
-0.711261
-0.265092
-2.36453
-1.74912
-0.104112
1.6638
-1.1971
1.69907
-0.319117
1.00895
-0.603578
0.0624625
-0.363285
-2.25172
-0.846493
0.543862
1.09973
0.334451
0.740084
0.373302
-1.00196
-0.161725
-0.295453
-0.559675
0.0817769
-1.01052
0.059543
1.37516
-0.216822
0.712892
-0.926245
0.0759766
1.12475
1.10804
-0.178182
0.272373
-1.21283
-1.11901
0.212567
-0.144917
2.1524
-0.0170822
-0.162049
0.795889
-0.178068
1.11002
1.08703
0.102493
-0.0922189
-0.183161
0.576767
0.316435
2.14018
-0.827125
1.26031
-0.644401
-1.36022
0.11517
-0.124729
-0.699243
-0.792387
1.12997
-0.112443
-0.13913
-1.73864
0.672986
-0.0335167
-0.586348
-1.85921
-0.536025
0.0674188
0.16897
-0.936905
0.136747
1.06037
-0.169958
0.151015
1.50591
0.567093
0.315308
0.114309
-0.17423
-1.34616
-1.06559
-1.26097
-1.95059
0.318459
1.002
1.41393
-0.755876
-1.56539
0.224475
-0.406746
-0.298564
0.0312885
0.291545
0.727001
0.539748
0.886595
-0.500206
-0.248736
1.13709
-1.70444
-1.28534
0.405883
-1.86409
0.774523
0.722583
-0.00818422
-1.25441
-0.728183
-1.24802
0.218412
-0.869137
0.528212
-0.858374
0.396207
-0.887704
1.94734
1.99706
0.335006
0.853068
-2.08271
1.57023
-0.0610933
1.34536
-1.19212
0.268393
-0.0202014
0.580541
0.381773
0.146522
1.17167
-1.23476
-0.996193
1.14878
-0.641509
-1.50821
-0.363124
0.0111543
0.73297
0.635736
-0.589241
2.46985
-0.79446
-0.785924
0.0814942
1.31899
-0.573667
0.305566
-0.333342
0.35704
-0.88797
-1.30231
-1.3673
0.30622
-0.818524
-0.558274
0.352362
-0.419779
0.834657
2.15606
0.612853
-0.626663
0.29058
1.81066
0.523913
0.685843
1.16031
0.0751021
0.0805385
-0.293315
0.432995
-0.510571
-0.190079
-0.288402
-0.541317
-1.17117
-0.886635
0.376213
-0.18742
-1.07606
0.382611
1.0316
-0.309783
-1.02848
-1.79038
-0.945015
-0.316634
1.21372
-1.49091
-0.248371
-0.753925
-0.110653
-0.597165
0.0174045
0.179209
-0.427941
1.68377
0.965908
-1.14669
-0.726009
1.99495
1.95399
-0.897805
1.08569
1.9372
0.898023
0.216201
0.991896
-0.238736
2.67565
-0.00679333
-0.241178
0.399309
1.10936
-0.368925
0.126076
1.75398
-0.563246
0.0119274
1.0119
-1.68173
-1.14939
1.16501
2.10825
0.637252
1.30062
0.380077
-0.170028
-0.966492
-0.220005
0.273907
0.402164
0.74913
-0.788771
-1.16576
0.254265
0.0237318
1.01717
0.369047
-0.0278021
-0.30324
0.00663849
-1.48072
-1.4567
-0.445144
-0.563289
0.767542
-0.881695
-1.73204
-0.577647
0.403721
-1.12106
-0.693817
-0.769253
0.74057
0.41738
0.711867
-1.38713
1.14684
0.793946
-0.763367
0.769803
-1.09395
-0.777996
-1.42951
0.336657
0.449485
-1.01968
-0.0506273
-0.287665
1.90636
-0.357093
-0.980855
1.33321
0.434308
0.217432
1.05664
-1.92102
0.253965
2.01231
-0.806472
-2.32439
-0.240037
0.136247
0.880286
-0.378269
0.604623
0.634914
1.95055
1.68895
-0.856802
0.645927
-2.90936
-1.8402
-1.37277
-1.74747
1.55422
0.268845
-0.417922
0.482042
0.650311
-0.825975
0.1793
0.728634
0.261675
0.08646
0.739396
0.201596
0.624624
-0.812158
0.547424
0.261473
-1.82167
0.173245
1.80279
-0.0370961
0.297495
0.0513586
0.747697
0.504247
-2.06321
0.125186
-0.273177
-0.744917
-0.769984
1.59915
0.176773
2.61667
1.84994
0.277654
-1.23425
-0.235538
-0.0717633
-0.82873
0.79195
0.0187735
-0.0547838
-1.44493
0.265026
0.698266
-1.3191
0.584355
0.175395
0.574101
2.24894
-1.10306
-1.21582
0.139799
-0.491451
1.79187
-0.275408
0.20163
0.880617
-1.11006
-1.37388
-0.450454
2.05857
1.33851
1.28214
0.707255
0.213637
0.246244
0.884057
0.365679
0.0570089
0.178689
-1.54069
1.13215
0.0711597
-0.993962
-1.34844
-1.07167
0.374955
1.08708
0.132729
-0.093
-0.124361
-2.87378
2.17525
1.24472
-0.495702
-0.428177
-0.300437
-0.269785
-1.1217
-1.64201
-0.802329
-2.65676
0.537267
-0.300417
-1.68447
-0.320791
-0.831752
-0.748901
0.736601
0.690011
-2.04694
-0.210633
1.73962
-1.4232
-2.15714
0.012953
0.716921
0.205807
-1.32895
0.781872
0.556007
-0.505646
-1.27927
0.859073
0.282654
0.810677
-0.812068
-0.0758688
0.908357
-2.63915
0.989853
0.763969
-1.79098
-1.5425
-1.87022
-0.4279
-0.0446229
1.68925
0.135611
-0.50106
0.884562
1.15861
-0.0528202
0.160708
1.36308
1.19371
0.52263
-0.32266
-1.01747
0.595721
-0.0882894
0.38855
-0.145102
-1.82531
1.07847
0.823805
0.438532
-0.0749826
-1.39909
-0.0676959
0.210533
-0.290599
-0.484632
0.63696
-0.462502
0.853519
0.312546
2.04604
-0.0108418
1.5759
1.0568
-0.261681
0.412145
1.49749
-0.362316
0.0191098
1.42654
-1.59639
0.285086
0.745514
0.191199
-0.667307
-1.15985
-0.0902204
0.656093
-0.478677
0.90068
-0.280981
-1.04384
-1.28051
-0.145217
-0.614248
-0.17624
0.394776
-1.88589
1.47204
-0.890209
0.998233
-0.17335
1.08552
-1.14391
-1.3582
0.0187531
0.103665
0.577017
0.980432
0.0061137
0.753996
-0.699068
0.232493
-1.0633
0.152327
0.370873
-1.68659
-0.626938
-0.45328
1.28366
-1.11611
-0.417027
-0.922921
1.10414
0.988028
-1.67288
-1.42513
-1.42435
-0.60505
-1.21743
0.359927
0.807149
-0.20593
1.03735
0.267357
0.846981
0.728404
0.257318
-1.78101
-0.192585
0.528671
1.27841
1.06722
-0.744519
1.63042
-0.104137
-0.730266
-0.0203781
-0.640476
0.785168
-1.40977
-1.2912
-1.11195
-1.2906
0.264136
-2.40419
0.409691
-0.95747
-0.478406
0.0666063
-1.08364
-0.702796
-0.44724
-0.585395
0.409252
-1.81521
0.484517
-1.71909
1.77742
-0.846135
0.722535
1.24852
0.417147
-0.213467
1.24148
-0.834814
-0.237045
0.743143
0.638975
-2.13638
-0.844067
-0.203618
-0.833132
0.679645
0.246456
-0.419925
0.355629
0.0971297
1.59824
-0.313222
0.502467
0.728073
-1.00388
-0.851469
1.22096
0.409865
0.772923
0.00215695
-1.11354
-2.2983
1.02966
-0.6932
1.18577
-1.49274
-1.20811
0.70264
0.659371
-0.72071
1.08503
-0.132038
-1.51514
0.101641
-0.104014
-0.929735
0.626491
1.69149
1.27066
-1.65121
0.211481
1.323
-1.21951
0.0740751
0.579437
-0.21934
-0.234627
-0.177977
1.35528
1.34383
1.75246
0.479774
-1.7736
-1.16393
-0.234732
-1.32898
-0.724462
-1.51385
0.930911
1.34244
0.863734
1.79816
-2.36031
0.544719
-0.333957
-0.244689
0.445178
1.32561
-0.762237
1.56443
0.533278
0.156596
0.887429
-0.655228
-0.0840071
0.466573
-0.841922
0.566104
0.184441
-0.316832
1.02698
-0.849757
-0.132608
-0.0834184
-0.450642
-0.307382
0.261212
-0.225377
-0.608651
0.645465
1.10138
-0.190957
0.00924113
1.48801
-0.0796396
0.625924
0.132054
0.197931
-0.0576537
-0.303185
-1.1446
-0.70746
-0.341624
0.00458443
-0.23111
0.00519903
-1.7377
-0.553889
-0.446645
0.914754
0.87153
1.05162
-1.56414
1.62888
0.593263
1.07703
-0.239553
-0.0263294
1.53253
1.26871
-0.506137
0.108324
-0.545058
-0.483812
1.30245
0.687779
-0.108084
0.539277
0.279981
-0.183328
0.519032
-1.76408
0.903941
-0.37281
-0.944473
-0.0569392
-1.67256
0.0744587
1.13593
-1.48947
0.0817357
1.85055
0.248627
0.162129
0.543354
-0.671847
-0.445447
0.754468
1.29838
0.172516
-0.18243
0.0630604
-0.235826
0.128381
0.331335
0.427183
0.919692
0.330832
-1.10945
1.70061
-2.25768
-1.27955
-0.707643
0.642086
0.779601
-0.334931
-2.05633
0.614757
1.61544
1.53267
1.05425
1.37281
1.39558
-2.08345
0.409967
-0.171578
0.356894
0.571622
2.17261
-0.839551
-2.46853
-1.30127
1.07189
0.345147
-0.250889
-0.976945
1.24938
-0.535223
-0.734562
-1.8612
-0.439467
0.396714
-2.18023
0.0399311
0.186957
0.166938
1.85427
1.18414
1.39915
0.530033
-0.905959
0.203196
-0.269301
-0.481837
-0.896775
0.243546
0.393068
-0.975651
0.467405
1.74791
-0.275102
-1.45288
0.737925
-0.63919
0.724117
-0.412429
-0.244469
0.632655
0.251576
-1.83152
0.563327
-0.372793
0.325286
-0.792361
-1.25293
0.464578
-0.481303
1.39719
-1.57467
1.03307
0.930474
-0.611324
-1.43387
0.994971
0.0774891
1.39218
-0.566047
-0.792009
-0.410411
-1.14092
0.534493
-0.669825
-0.880212
1.09913
-0.616341
-0.26994
-0.178574
-1.04484
0.207157
0.245395
-0.383368
-0.425476
-0.420706
-0.257126
-0.375304
0.195185
0.191246
-2.89058
0.132118
-0.317525
0.291703
-2.63393
0.615317
0.395769
0.372014
0.139264
0.882183
0.614127
-1.43143
0.530519
0.635653
-1.17713
0.767666
-0.632227
-2.46299
-0.413213
-0.248049
-0.638002
0.348928
-1.48664
-0.239006
0.773637
0.429378
0.348327
0.173296
0.672387
-0.317254
-1.18395
0.000436126
-1.66058
-0.803989
-1.13878
0.278629
-0.770087
0.99821
0.428066
1.24811
0.836311
0.163939
-1.60759
-1.41614
1.30402
0.632385
-0.663664
1.96481
0.653435
-0.0862029
-0.736259
-1.35967
-0.533468
-1.32885
-1.30725
0.273646
-0.608305
-0.871022
-0.352882
-0.304082
-0.00898967
0.136411
0.272891
-0.0896034
0.937019
-0.679529
0.822396
0.307036
-0.430958
-0.365548
0.65574
0.714309
-0.182643
1.38757
1.10234
-1.65469
-0.759389
-0.307331
-0.506744
1.81146
0.398519
-0.979278
0.568267
-0.0989746
0.468843
2.73161
0.598029
-0.74969
-0.195248
-0.251875
0.0130967
1.37796
1.07567
0.84751
-0.872093
-0.954824
-1.76285
-2.50045
0.225671
0.520734
1.77144
1.78003
0.0654756
-0.353639
-0.505557
-0.323732
0.588309
0.973982
-0.701215
0.206297
1.051
-0.877058
0.0971083
0.0466684
-0.464496
-0.113637
0.822661
0.298302
0.614731
0.101588
2.53399
-0.716537
0.190872
2.87729
-1.4339
0.00206967
-0.257026
0.18665
-1.53168
0.648543
-0.96632
-1.72588
-0.579247
0.523429
1.24256
0.255897
0.742316
-0.384754
-0.00250127
0.137019
-0.357512
0.531925
-1.17989
1.30271
-0.926442
0.469098
-1.54711
1.95075
1.13661
-0.775026
1.39724
1.88821
0.707551
-0.332304
-0.828029
-1.27666
-0.96774
-0.197039
0.440364
0.120322
-0.545561
0.522764
-0.349467
-1.6635
0.364287
-1.17837
-0.738423
0.713292
-0.285944
0.321603
0.735908
0.191841
-0.478625
-0.27231
-0.848334
0.0604919
1.13338
-1.93354
-0.592161
0.416003
0.253343
1.62495
0.616192
-0.487878
-0.580647
-0.864769
0.835345
1.13607
1.23068
-1.234
1.37774
-2.62785
0.0359929
-1.45121
-0.833369
-0.513375
-0.465844
-1.78971
-0.912065
0.588326
0.209953
-0.0383332
-1.10642
1.07607
0.142529
0.164089
-0.522597
-0.477864
-2.48215
0.8613
-0.778213
1.04391
-0.320243
-0.269258
-2.44263
-1.02823
0.905332
-0.318684
0.39939
0.370738
1.03616
1.0136
-0.458654
-0.850632
0.105502
0.177676
2.41051
-0.216974
-1.04994
-1.01129
0.176607
0.317096
0.136943
1.32631
-1.0367
0.877474
-0.469661
1.51384
-1.68886
2.83433
1.5569
-0.39567
1.80341
-1.07688
0.462034
-1.64285
1.99991
0.118059
-1.82731
-0.0374234
-1.19342
-1.10401
0.915382
-2.04287
-0.0918885
1.12165
1.43636
0.0671702
0.079479
0.362561
-0.0632512
-0.926977
-0.417924
-0.76169
-1.74601
-1.15257
2.06239
0.104242
0.727767
-0.721552
-0.74754
0.940961
1.55472
-2.31761
0.510351
-0.067147
-1.17616
-0.611186
-0.396625
-1.27469
-0.760087
1.09286
-1.9116
2.19664
0.483031
0.724078
0.148611
-0.724445
0.101887
0.494462
2.03269
-0.408041
-0.752678
-0.985896
-1.73121
0.130693
0.115175
-0.318015
-0.142966
0.798506
-0.33633
1.38645
0.44498
-1.52357
-0.835111
1.48511
-0.27843
0.401499
-0.72841
0.692313
-0.231055
-0.756721
-0.77657
0.493015
0.00567599
-1.35408
1.633
0.731213
0.958249
1.03274
-0.925579
-0.226656
0.835775
0.141385
2.03677
0.0789179
0.428157
-0.911795
0.658889
0.427809
0.369974
-0.635638
1.0304
1.6928
0.179862
0.218308
-0.615671
0.841626
-1.19004
-1.50446
-0.372993
-0.705851
1.3891
-0.164368
-0.412537
0.324307
-1.32979
-1.10888
1.24343
0.97941
1.13636
0.625956
-0.470787
-0.996703
0.325167
-1.84624
1.03438
-1.35334
0.357032
0.620343
-1.05528
1.91076
-0.00941477
-1.21025
-1.02843
0.00815966
0.770882
1.17297
-1.08528
-0.495502
-0.715459
-0.958141
-1.4123
2.20827
-1.07562
0.729518
-0.0270408
-0.782745
1.68473
-1.23678
0.610517
-0.474461
0.396798
-0.567353
0.352036
-0.199343
0.554374
-2.30861
-0.680962
0.992043
0.359249
0.220162
0.557877
0.943708
-1.17536
-0.337534
-0.0467627
0.139012
-1.00687
0.134003
1.4797
1.08497
0.59737
-0.757334
-2.16384
-0.115524
0.0164797
0.350538
0.773816
0.575081
-2.31526
-0.3454
0.32794
-0.862514
1.25505
1.53818
0.523227
0.678127
0.73479
-1.11688
-0.622362
-1.12963
1.91419
-2.01417
1.55037
-1.48067
1.00575
-1.71063
-0.335056
0.443142
0.647576
-0.995132
-0.475462
-0.817228
2.69999
-2.63945
-1.26707
0.7465
-0.144797
1.52698
0.133309
-0.174306
2.36528
0.75498
0.851324
0.526191
0.149734
0.364003
-0.587157
-0.274502
-0.47655
1.18149
-2.33273
0.6911
-0.747567
-0.538555
0.140644
0.082466
1.31306
-0.118411
0.27285
0.954187
-1.30411
0.979246
-0.485613
-0.729961
-0.124228
0.66728
2.01154
0.252773
-0.995791
-0.708596
-0.606862
-0.172751
0.912925
-0.972288
0.000426945
-0.68227
-1.67622
-1.97712
-1.42955
-0.54828
1.72851
1.71092
-1.06435
-0.944381
0.317085
-0.587686
0.3199
-0.560472
1.00612
0.451426
-1.1497
0.0841191
-0.335128
-0.156495
-1.25928
-0.678244
-0.0790331
2.31832
-0.52508
0.501134
-1.01207
-0.0558621
0.0866911
-1.12537
-1.1439
0.698707
-0.277162
0.868744
-0.161264
-0.320499
1.4336
-0.328448
1.08643
-0.365685
-0.45879
0.675765
-1.3436
0.225518
-1.02618
0.448499
0.46784
0.141563
0.524621
1.64758
0.55167
-0.949089
1.32875
-1.73398
-0.288981
0.112862
0.25737
-0.412755
-0.595767
0.811917
-0.361644
0.06858
1.04712
2.24138
-0.976816
-1.01327
-0.223345
-0.576108
-1.01332
0.630093
-2.47401
-0.465304
2.05434
0.268481
-0.515281
0.131997
-0.807996
-0.807697
-0.883572
1.07427
0.522899
-0.284944
-0.991062
0.827317
-0.104527
0.404718
1.03694
-0.780044
0.800401
0.315666
0.956177
-1.27357
0.354091
-1.38172
-0.540954
-0.434829
-0.573564
1.89836
-0.514582
-0.735394
-1.96477
0.0183906
0.573209
-1.24399
-0.28074
-0.755021
-1.80336
1.06519
1.76256
-0.713834
0.716574
-0.292106
-0.102962
-0.467657
-0.298283
-0.360727
1.61881
-0.703775
-0.237503
-1.16661
0.746247
-0.133198
-1.10713
-0.738564
0.663555
0.922763
-0.570888
-0.631656
-2.53826
1.45954
-0.212322
0.464894
0.200778
-0.760253
1.33086
-0.0567717
-0.256054
-0.299058
0.0674931
-0.788303
-0.323695
1.89935
0.389318
-0.369798
-0.852154
-1.0725
-0.46358
1.1414
1.34598
1.60162
0.284707
0.576275
0.771346
1.20482
-1.01326
-0.523285
-0.952058
0.647831
1.16575
-0.989267
-1.73472
-0.80984
-0.868303
-0.658752
0.490149
-0.534995
-0.790435
0.947933
-0.0797749
0.700088
-0.796348
0.82948
-1.35034
1.33767
-0.758376
0.430605
-0.00262312
0.00818256
-0.889555
0.165209
-0.00454525
-0.249133
-0.159157
0.785769
1.63457
-0.252229
0.349266
0.903199
0.892292
-0.789755
-0.178725
1.62343
-0.12765
1.43338
-0.980859
0.954102
0.266272
2.28079
-0.694638
-1.1016
0.357024
-3.00292
-0.0560041
1.66117
1.8678
0.980116
-0.272317
0.326841
-0.563084
-2.61165
1.53049
0.237136
-0.395199
-0.651923
0.72307
-2.86247
1.68278
-0.872649
-0.875513
-0.870009
0.831285
0.974764
-1.9904
1.1233
-1.19922
2.32949
1.20988
-1.13492
1.57022
0.526576
-1.54335
1.02674
1.28782
0.811398
-0.731057
1.26285
0.24394
-1.79566
-0.160151
0.568061
-1.43611
-0.582807
-0.609661
-0.242593
0.856427
-0.229335
2.34785
0.507666
1.83639
-0.155298
0.00258936
0.531834
-1.22411
-0.393941
-1.62939
0.00975946
1.28984
1.35144
-0.0381946
0.256786
0.36753
0.5051
0.45878
1.26559
0.601507
-0.0276588
1.01035
-0.174273
-0.776621
-0.831689
0.925787
-0.22661
-1.8048
-0.970898
0.377571
0.369551
1.44717
0.0728588
0.203836
-0.577914
0.840862
0.98144
-0.593243
-0.0312484
-1.24372
-0.200217
-1.07971
-0.131438
-2.08993
0.42019
0.659398
-0.295728
-1.72299
-1.16621
1.41346
-1.46142
0.914308
0.407707
-0.229538
-0.177991
0.88543
-1.36202
-0.286626
1.43075
-0.267413
1.22093
0.606079
1.4446
-1.44265
0.764331
0.621153
0.24903
0.498631
-0.182374
-1.18574
1.8396
-1.13965
0.296222
0.854604
1.72967
-1.03637
-1.14187
-1.19848
-0.10724
0.334178
-1.37358
-2.28313
-1.06816
2.08457
-0.790437
1.87579
0.066658
0.180668
0.0656419
0.099724
0.819234
1.38081
0.469449
0.790405
0.0128085
1.35507
1.91875
0.434843
0.94268
0.197028
2.03484
-0.086892
2.49771
-0.301389
0.9374
0.95363
-0.745517
0.891959
1.41673
0.698571
0.42864
-0.289667
0.354624
-0.498274
0.170792
0.324003
1.14774
-0.276552
-0.192281
-0.935964
1.16414
1.03714
-0.0540458
0.305232
-1.30654
-0.177902
0.00270251
-0.376568
1.9856
-0.31957
0.363099
0.641997
1.43931
-0.835335
-0.706607
0.127612
-1.18067
-0.0397486
0.311415
-1.36629
-1.84946
0.1946
-0.928531
-0.58312
1.27017
-0.565954
1.63607
1.28716
0.372507
-0.673243
0.340926
-1.11174
-0.413309
-0.714143
0.0285002
-0.331092
0.97469
0.754779
0.623831
0.650964
-0.269688
-0.0368327
0.999135
-0.494737
-0.581396
1.43959
-1.75374
0.718944
0.327081
0.885421
0.568102
0.161455
0.116166
0.149435
-0.82491
-0.00407519
-1.48646
0.935002
0.820279
-0.670596
0.629415
2.10363
-0.660655
-0.848912
-1.48225
0.663533
1.32467
-1.47864
-0.646926
0.258097
1.2668
-0.802487
-0.904196
0.456808
1.01933
0.0168097
0.281141
1.59198
-0.431159
-0.999608
0.0120745
1.21026
0.57025
0.00637098
-0.625059
-1.33434
-1.48477
0.670282
-0.0703754
-0.319067
0.305044
0.754996
-0.357084
0.237972
0.0766055
0.528322
0.075831
0.101291
0.436989
-1.36162
0.616107
1.57702
-0.813659
-0.205444
-0.0419616
-0.37214
0.420934
1.69706
1.35469
-1.04732
0.645795
-1.13746
-1.62952
0.744219
0.24658
0.724768
2.9989
-0.114489
-1.00795
-0.0651771
0.132202
-1.25586
2.22762
-0.835275
-0.687273
-0.175415
0.00998738
0.749914
-0.856976
0.154262
1.83183
-1.49049
0.612977
1.89016
0.799724
1.27321
0.17415
-0.809397
-1.44959
0.242081
-1.02745
0.239444
-0.548724
-0.76244
-1.06066
1.42203
-0.367242
0.54529
-0.266101
-1.07369
0.193835
0.279257
-1.36362
0.110942
1.24521
2.20424
-0.402844
-0.842407
-0.685698
-0.734386
1.52126
2.28495
0.665604
0.667844
-0.0694524
-1.16141
0.0889401
0.459045
-0.295591
-1.0763
-1.25868
0.740541
0.847326
-1.92724
0.257153
-2.42106
1.06541
-0.865293
0.0516063
-1.30122
0.553983
0.9423
0.950644
-1.01319
-0.540272
-0.115427
-2.78512
1.18733
-0.333531
0.930521
0.83985
0.75531
0.836041
0.779705
0.898723
-1.48747
0.620986
0.0932876
1.55143
1.78239
0.570429
-1.17887
0.0611976
0.144894
1.38869
-0.864324
-0.633052
0.0132366
0.449127
0.78749
0.253264
0.189669
2.26234
0.829999
0.476214
1.68378
-0.65635
-0.0722549
1.72076
0.503075
0.0518123
0.881863
-1.22489
0.223819
1.01418
0.0163813
1.75431
-0.646029
0.111281
-1.32676
0.350806
0.575227
-1.25995
0.453616
0.0164374
-0.776579
-0.372099
0.157612
1.40682
-0.06501
-0.65393
0.150297
1.85176
-1.24282
1.56437
-0.985434
-0.63553
-1.26378
-1.05456
-1.07608
0.222681
0.355408
2.3491
0.66296
-0.545048
0.691905
-0.132505
-0.166889
1.69188
0.781905
-1.07588
-1.04347
-0.539302
-0.774999
-1.40483
-0.147442
1.2085
-1.26467
-2.3412
-1.26297
-0.643942
-0.0842765
0.529456
1.07959
1.3351
-0.552976
1.84276
-1.96046
-0.574295
0.645028
1.53963
-2.35397
0.861227
-0.353182
-0.866184
-0.00927073
-0.886668
-0.708005
1.05217
-0.52393
0.895217
-0.716209
-0.883049
0.317073
0.802066
1.58194
0.274168
0.822376
0.845553
0.179499
-1.30872
0.0238545
-0.710125
-0.999873
1.20727
-0.195389
1.22047
0.225538
-0.0684603
0.0487139
0.0777648
0.196727
-0.751449
1.27008
-1.21784
-0.390588
0.698397
-0.560635
-0.326207
-2.07967
1.77651
-0.234693
0.902981
0.508796
0.792371
-0.22225
0.139249
0.453043
0.485621
0.133094
-1.46557
-0.283368
-1.23743
1.31186
-0.19292
0.439469
-0.967161
-0.856866
-1.20889
-0.858273
0.57133
0.705463
1.05083
1.90767
-0.964129
-0.676498
0.0938033
-0.747002
-1.67297
1.60704
-1.7309
-0.425229
-0.683975
-1.52767
0.994389
-0.783669
-0.351251
0.685649
-0.496625
-0.870593
0.149265
0.400977
-0.467107
-1.1
-0.647645
0.566783
-0.188126
0.766214
0.571688
0.526172
0.225931
-0.129703
0.275354
-0.834991
0.19415
1.01455
2.75291
0.565319
1.31542
1.84975
0.0199361
-0.263474
0.652575
-1.15577
0.153095
0.285515
1.7097
0.199955
0.638244
-3.09494
-0.306174
0.333934
0.185851
-0.415738
-0.385489
-0.213225
0.709779
-0.158688
0.444494
0.610652
0.623974
0.827118
-0.0601023
-0.142119
0.775516
-1.11239
0.188505
-1.14776
-2.65865
-0.598994
-0.0537598
1.81318
0.507197
-0.0276325
0.11654
0.034698
1.32422
2.34292
1.2674
0.156194
-1.20691
-2.94755
-0.477127
-0.382585
1.74444
1.22254
-0.463591
1.11656
-0.538579
1.46389
0.720925
0.0274072
1.49102
-2.04325
-1.41767
-0.502588
-0.266923
-1.37556
-2.05427
-1.28597
0.658425
0.802498
0.216972
0.284075
0.250811
0.599192
2.21692
-0.534715
1.51236
-0.562774
1.47423
0.45252
-1.15464
-1.00097
-0.978164
-0.203068
-0.584747
0.346958
0.154291
0.544864
0.335165
-1.2802
0.17052
-0.00829094
0.79878
-1.64749
-0.201704
-0.0575988
-0.841401
-0.934963
-0.984297
1.91442
0.617843
0.871143
-0.597881
-1.14299
-1.09164
0.398511
-0.954424
0.128254
0.781585
1.22802
0.222981
-0.0198872
0.314928
-0.0804588
0.640612
0.228816
-0.683168
-0.103232
2.0587
0.289284
-1.02962
2.49325
1.09818
-0.910192
-0.288132
-0.422892
-0.787459
-0.598772
0.237101
1.05251
0.826308
0.130504
1.04147
-1.71836
-0.553727
-0.943607
-0.187338
0.272207
-0.37699
1.58419
0.20984
-0.235531
0.117998
2.27094
0.536318
-0.426728
-0.449879
-1.25728
-1.86905
0.228259
0.17658
-1.10244
-0.027751
-0.545111
0.502581
-1.59376
-1.56112
-0.955682
-1.19917
0.841375
1.74331
-0.0325947
2.27328
-0.401527
-0.801625
-0.527203
1.83447
1.39408
0.955611
1.26531
-1.0413
0.982217
1.39606
0.475591
-0.499611
-0.0593322
-0.328844
-0.857102
0.777344
-0.022466
0.987242
-0.694546
-1.41092
-0.869417
-0.310595
0.720629
-0.252958
0.463894
1.46899
-1.04983
1.30181
0.178652
-0.357814
-2.93884
-0.136301
-2.37786
0.920554
0.527728
-0.30023
0.146012
-0.934016
0.430059
-0.147724
-0.821252
0.476762
0.709486
0.0981654
-1.05413
0.915202
0.549519
0.61739
-0.0219934
2.16339
0.981055
-0.498175
0.889179
1.27614
0.220259
-0.882118
-2.06953
0.925979
-1.13223
-0.630763
0.777675
-0.222267
2.44654
-0.181552
-2.10163
0.438659
-0.143622
0.417348
1.52582
1.2365
-0.624918
0.933874
0.578704
0.520224
-0.143185
-0.258855
2.20662
-0.523609
1.23948
-1.09016
0.345001
-0.353039
0.395633
0.828965
0.987684
-0.574546
-1.46043
1.91861
-0.0672304
-2.28191
1.06732
-0.483094
-0.240408
0.903857
1.75934
-0.179119
0.211811
-0.471184
0.776548
-0.0733199
-0.872506
0.826983
-1.33685
0.954966
-0.00771977
1.35895
0.13542
0.0187998
1.1553
-0.274113
0.16577
-1.39678
0.569544
0.507366
-1.68341
-0.841432
0.105225
0.300048
-0.641745
-1.28683
-1.24619
-0.0675275
-1.13416
-0.205342
0.267354
1.1035
0.663558
0.660068
1.93086
-0.890898
-0.179557
-1.30897
0.0742442
-0.0548349
1.32923
-0.908036
0.071547
-1.19272
0.330199
0.478745
-1.28607
-1.00537
-0.281765
-0.0113342
0.793577
0.554208
0.209476
0.702044
0.517241
-0.666594
-0.357508
1.18651
1.07839
1.50508
1.00058
1.02749
0.101603
-0.824645
0.340921
-0.58286
-0.724029
0.656194
1.17457
0.963309
1.31663
0.227914
-0.227727
-0.444866
-0.978668
0.490423
0.997813
-0.942072
-1.02922
-0.751674
0.201381
-0.247768
0.705987
1.89627
-0.62259
-1.31258
-0.597452
-0.0460564
-1.12226
0.450208
-0.42102
0.867875
0.39665
-0.28882
-2.41945
-0.170476
0.82432
-0.174279
0.649623
2.13263
1.29254
0.478088
-1.53856
0.403472
-0.272766
-0.962478
1.4403
0.107881
-1.09985
0.554964
0.569303
1.30816
-1.57659
-1.5939
0.690432
-0.943629
0.971575
1.01398
1.00182
-0.0816121
0.355587
-0.165521
0.344702
-0.965601
-0.220787
-0.0290959
0.247136
0.325835
-0.425407
-0.584004
-0.459082
1.24719
-0.204202
1.19113
1.05913
-0.202428
1.26323
-0.372066
0.225874
0.0630962
0.0954429
0.0737
2.31334
-0.0724619
-0.0527433
-0.244047
1.70625
-1.82346
1.13413
1.02512
-1.95782
-0.287025
0.723423
-0.485875
-0.695119
0.171009
-2.05426
-1.27596
-1.51429
-0.15117
0.260347
-0.432948
-1.56615
0.73042
0.338329
0.643075
-0.678147
-0.258114
1.74392
-1.4693
0.459526
1.29807
-0.579781
0.16701
0.103348
0.0673738
-0.697669
0.55838
0.131636
0.25495
-0.565841
-2.23248
1.06933
0.522526
0.0976622
0.346046
-1.09343
-0.713064
1.20164
-2.10156
-0.199976
1.91778
0.705567
1.41459
-1.01109
-0.607453
-0.85951
-1.14577
-0.547922
-0.130776
-0.126652
2.70386
0.627984
0.323502
-0.890833
-0.0532534
-0.111181
-0.776251
0.797398
0.405692
1.27361
0.697833
0.229172
0.309689
0.42756
-0.0329833
0.874434
2.17768
0.275388
-1.55434
-1.46231
0.152096
0.714023
-0.22025
-0.0353278
-0.709543
1.16635
-1.38904
-0.185654
0.824707
0.738565
-0.942498
0.903877
0.724247
-0.567724
0.978522
0.801679
0.413115
1.57455
-0.861906
-1.887
2.11091
0.296768
0.746682
-0.0439931
-0.681092
-0.86714
-0.774777
-0.955966
1.60719
-0.879856
-0.54459
-0.15656
0.800285
0.282123
0.254806
-1.81466
2.09019
-0.698819
1.30909
0.838764
0.393388
0.488242
-0.691177
0.0873973
3.47779
-0.913852
-0.22962
0.863124
0.454703
0.00876968
-0.957569
-0.152489
0.165094
0.751457
1.33018
0.755522
0.232587
-0.40723
0.407617
0.708739
0.966649
0.118179
0.941046
-0.414376
1.05414
-0.389754
0.270244
0.47716
0.160274
-0.362666
-1.35736
0.235575
0.59595
-0.238495
0.487275
0.996268
-2.32485
-2.26444
-1.30375
0.810061
0.870166
-0.717124
-0.522857
-0.532868
0.315611
-0.968768
-0.392436
0.356398
-1.09008
0.0262364
-0.562415
-0.98485
0.625617
0.125565
0.0678551
-0.257923
-0.904311
0.347664
-1.73331
-0.693565
-0.146545
0.417784
-1.6659
-1.89544
-1.29785
0.5755
-1.04695
1.1432
-0.28822
0.0207234
2.00522
0.624844
-1.52762
1.22328
-0.129116
0.941918
-1.42048
0.710674
0.135093
-0.385042
-1.10334
-0.312573
0.142199
0.107165
0.659188
-0.259846
0.834709
-0.331941
-1.16271
0.02308
1.98627
-0.994747
-0.338169
-0.299171
-1.23126
0.464987
1.29881
-1.13981
-1.2382
1.04435
0.733785
0.502298
-0.0925922
-0.327286
-0.931951
-2.2517
0.0826653
2.15246
-2.45478
-1.14731
-1.37604
-1.00153
-0.558741
0.862778
0.663375
-1.25802
0.732654
-0.553189
0.264089
1.56722
-1.0783
1.31361
-0.0154567
0.262006
-0.121513
0.244524
1.09954
-1.50824
1.07163
-2.29241
-1.35729
1.19963
1.33703
1.2829
1.64618
-0.138064
0.877298
-0.783578
0.222695
-0.557901
-1.2872
0.218046
1.68796
-0.102349
0.585895
0.98696
1.15385
0.826328
-1.50393
0.481145
-0.799531
-0.112235
-1.17204
1.48752
0.712853
0.7411
0.305112
0.453185
1.69215
-0.208446
0.710252
-0.871767
-0.273585
-0.711778
-0.0394738
0.179754
-0.389988
0.986065
0.217789
0.359941
0.0509042
-0.178202
-0.261719
0.633761
0.423718
1.14251
0.293549
0.542355
-1.91578
-1.26081
1.48273
0.425989
1.40062
-1.39505
0.532393
1.04718
-1.06322
-0.101066
-0.164398
-0.974189
-1.0299
-1.04779
0.345249
-1.46921
-0.0996982
0.343731
-0.129442
-0.49024
0.0710019
-1.48388
0.452754
1.46342
-0.777538
-0.799754
1.14242
-0.909573
0.487164
-0.694463
0.494961
-1.27816
-0.662025
-0.846157
-0.899975
1.73875
0.260657
0.475117
-0.000673771
0.327838
-0.869255
-1.42415
0.499911
-0.00584377
2.10067
-1.03992
-0.056257
0.52941
-1.16835
-0.135277
0.507867
-0.6213
-0.782651
2.13797
-1.25686
-0.336636
0.998181
-1.28308
1.94668
0.710478
0.480349
-1.35042
0.180618
-0.216484
0.679342
1.2125
0.709782
0.971727
0.655488
1.64475
1.0196
0.64485
-1.24107
0.226385
-0.400669
-0.806526
-0.655712
-1.41205
-0.178251
0.551871
0.325612
0.639108
-0.595775
0.307299
-0.213992
0.754718
-1.3289
0.480799
2.35321
0.180414
0.504424
0.306729
-0.84243
-0.62209
-0.834067
-0.307408
0.214983
0.588395
0.266432
-0.176849
-0.108876
0.791975
0.984084
-1.46935
0.981728
1.6179
-0.451061
0.415233
0.0441681
-0.226227
0.136361
0.470148
-0.890783
-2.40629
-0.121094
-1.05873
-0.0209355
0.34939
1.09635
0.422235
-1.38485
0.956267
-0.367551
-0.281414
1.74871
0.784638
1.15019
0.033571
-0.483529
-0.304254
-0.645578
-1.14537
0.19398
0.69816
-0.0762564
-1.05617
0.472776
0.511985
1.05513
0.450613
-0.331191
-0.28347
1.76003
-2.32422
2.74638
-1.22559
-0.622394
0.671282
0.357653
0.765405
0.0241681
2.29124
0.0636728
0.748845
-0.199922
0.542198
1.24886
-1.16841
-1.68901
-0.207384
-0.11017
-1.38904
-0.395891
-1.17527
0.666367
0.538445
-0.120034
1.22587
1.04576
-0.758856
0.488072
1.04667
-1.96277
0.932815
2.74649
-0.784834
1.78034
1.37891
0.255797
-0.181546
-0.898034
-1.87749
-0.468895
-0.834195
-1.53194
-0.668865
-1.06064
0.717973
0.549925
0.195717
0.378043
0.281086
-0.382332
-0.273675
0.679867
-0.10407
-0.410965
-1.48765
0.206289
0.259814
0.385621
0.718653
-2.21836
-0.466222
-0.106002
0.887819
-0.252266
1.25235
0.654613
0.588603
-0.208108
-1.38335
0.19408
-0.554939
-0.654221
-0.178759
-0.944509
-0.901095
-0.0301365
-1.38567
-0.533107
-0.971782
-1.05655
0.347338
1.04243
1.09017
-0.0919607
0.235729
-2.17067
-0.342772
0.694309
0.625618
0.0701592
-0.302475
-1.42625
-0.137901
1.05853
-0.632859
0.048551
0.105136
0.477612
0.761907
1.14632
-0.528858
0.431422
0.422082
-0.928732
0.784854
-1.48008
1.16447
0.00580355
-0.221109
1.02966
-3.10671
-0.0686668
0.2665
0.88366
-0.130331
1.12811
-0.0221626
-0.306144
1.34387
1.55253
0.871245
-0.661356
0.199475
-0.474271
-0.383118
-1.69918
-0.280096
0.487937
0.390923
-0.681097
-2.30133
1.88423
-0.937211
-0.349574
-0.0297876
0.130965
-1.20685
0.0200636
1.6386
0.640128
0.302481
-0.750268
0.522544
-0.950907
0.71427
0.32368
0.492078
0.713354
-0.112348
0.0179192
-0.789861
1.82084
1.87715
1.86085
-1.5161
3.10071
-1.2732
-0.626373
-0.552036
1.53001
0.379419
0.426212
-0.169189
-0.425537
-1.76386
-0.167469
0.245897
-0.47084
-0.47797
2.27257
1.33657
-0.433094
-1.95268
0.475476
-0.556468
-0.966531
1.25498
0.0979723
1.09054
-0.492959
-0.870057
-1.19673
1.51328
0.816615
2.29208
-1.05031
-0.560399
1.85082
-0.82961
1.04615
-1.23797
-2.37025
-0.110758
-0.216363
-1.63533
0.0189606
0.153022
0.332657
-1.20515
0.601306
-0.146199
-0.44252
-1.16344
0.171049
-0.0974266
-0.8828
0.290926
2.21067
-1.20879
0.26317
0.480485
-1.36564
0.501486
-0.853546
-0.135808
-0.714494
-0.0574269
-0.747656
-1.27142
-0.406685
0.0573637
0.781507
-1.50144
0.226951
0.250781
-1.00153
-2.58807
1.22477
1.2602
0.426735
-1.11108
1.45014
0.243666
0.837097
1.15553
2.01827
0.0082034
-1.28367
0.12974
-0.642643
-1.17465
-1.45317
-0.285583
0.555988
0.0375196
-1.17551
1.27427
0.873339
-1.37752
-0.651872
-0.738432
0.706284
-0.324358
-0.385118
-0.270724
-0.833356
0.991713
0.400831
-0.379864
-0.487303
-1.14569
-0.0507405
0.15371
0.520159
0.23141
-0.215256
-0.405582
0.434596
-0.249835
-0.951071
0.769931
0.51429
1.16638
-1.01368
-0.215069
1.52503
-0.811225
0.437257
-0.513609
-1.78004
-0.274154
1.85478
0.0359768
-0.658472
-0.327791
0.593295
0.990917
-2.01472
1.11269
0.860333
-0.56962
-0.572396
-0.38109
-0.543288
-1.17827
-0.0895396
-0.303007
-0.523619
1.04818
-0.320731
-0.63629
0.784344
0.431497
-0.418298
-0.94184
1.77296
0.486244
-0.584563
1.18096
-0.373712
0.223125
0.228659
0.807632
0.267231
0.173657
-0.468709
0.585064
-0.145361
1.62858
0.114523
1.65602
-0.576551
-1.43573
-0.594986
-1.19501
0.438376
0.219756
1.78535
0.758853
-0.894516
-0.736005
0.196907
0.0538061
1.60211
-0.487028
0.668758
0.0615523
0.0817252
1.37149
-0.413418
-1.38747
1.02298
0.526279
-0.806182
-0.139296
0.365451
0.511529
-0.703466
-1.5101
1.58566
-0.832834
0.59259
-0.18114
-0.950183
0.21163
0.111066
0.654238
0.954996
0.496948
-0.00884279
0.871491
-0.624355
-1.92209
-0.239604
-3.27119
0.518736
-0.900618
-0.473423
-0.703981
-0.22914
-1.36292
-0.552367
-0.902927
0.158485
0.401499
-0.0342887
1.12848
-0.688968
0.115204
0.906518
-0.545145
0.0112878
-0.638214
1.10816
1.36137
-0.0883985
0.465133
0.314834
1.05557
0.0248588
2.25004
-1.28797
1.04667
-2.11596
-2.07706
1.43117
0.779657
-0.843073
0.517237
1.11373
0.379978
0.840876
-0.389134
1.39462
-0.708754
0.467191
-1.0298
0.531709
1.63663
0.772565
-0.345577
-1.73422
-0.0800863
0.48066
-0.310877
2.2076
-0.449642
-0.226708
0.789784
0.676422
-0.476583
1.71903
1.16808
-1.05671
0.239942
0.770679
0.0720126
2.55537
0.116273
-0.0173414
-0.564545
1.1428
0.241305
0.57851
-1.64199
0.490971
-0.0652561
-0.733583
0.157636
0.825789
0.152044
-0.181914
-0.824859
-2.12783
0.442114
-0.346914
-0.077861
-0.064703
-0.0148248
-0.0736454
-1.65318
-0.546839
-1.63252
-1.91341
1.70377
1.17975
-1.62157
-1.27846
-1.32193
-0.447947
0.142814
0.899995
0.699693
1.3675
0.504626
-0.0652914
-0.360254
-0.486028
-0.299408
2.17257
-0.896926
-0.143771
-0.261386
1.36876
1.18685
-0.89779
-1.02701
0.0448372
-0.469905
-1.27238
0.119653
1.98667
0.445246
-0.844082
-0.133859
0.089866
-0.0636842
1.073
-0.764526
0.865569
0.686057
0.604661
-0.741218
0.464022
-0.393293
0.490891
-0.867583
-0.020555
0.0568634
0.412211
0.04366
1.24123
-1.16134
0.502888
-1.40537
-1.54931
-1.28952
-1.46234
0.695372
-0.540761
0.819444
-0.277177
-1.80972
0.119194
1.25507
-1.27669
0.524042
0.393442
0.422565
1.13108
1.39551
-0.966616
0.226036
1.19247
-0.197587
0.31561
1.54313
-1.5419
1.38455
1.3728
-1.57426
0.267332
-1.7556
-1.16945
-0.729381
0.805531
-2.17215
1.04877
-1.22547
0.170775
-1.8477
-0.604571
-1.45841
-0.125758
0.118776
0.105853
-0.398833
-0.440562
0.492746
0.304036
-0.61804
-0.189864
-0.629769
0.824617
1.84038
0.666915
-0.845319
0.0470308
-0.370478
0.268112
-1.5405
-0.848552
-0.454601
1.02906
-2.44259
-0.405133
-0.948353
-0.341635
1.47817
-1.07727
0.102044
0.423406
0.358742
1.0043
0.88966
-1.23697
-0.601002
1.55585
0.374911
-1.20528
0.893392
0.16901
-1.17367
-1.48037
0.697432
1.21329
-0.601164
0.211849
0.233478
0.0417394
1.39157
0.558841
0.619611
-0.230495
-0.825528
0.888329
-0.959424
1.23298
0.100444
2.91892
-0.594842
1.87443
0.525178
1.75679
-1.39044
-0.9427
-0.115551
1.32932
1.15359
0.279254
-0.00492362
0.315314
-1.04202
-0.65112
-1.53645
1.09242
-1.46545
-0.897322
-0.263224
2.22698
-0.213122
-0.0943342
0.710914
-1.14724
-0.0255447
-0.68169
-0.974435
0.788259
0.280124
0.0282845
-1.63563
-0.91901
1.12089
0.858438
-1.72334
-1.12543
-1.14497
-1.09068
0.426431
0.848629
0.820537
0.245891
0.470576
1.50169
0.601608
-0.742088
0.374162
-1.30148
-0.761319
-1.1999
1.64584
-0.608111
-1.78716
-0.00131433
0.357696
3.2559
-0.675377
-0.143304
1.02992
-0.0776456
1.15322
-0.597429
0.0535186
-0.290177
-0.875793
0.407828
0.226695
0.586811
-0.388492
-0.101382
-2.74183
0.88699
-0.569292
1.14575
0.185278
0.100454
0.385868
0.451695
-0.539681
0.762433
0.710181
-1.61486
-0.911396
0.955854
1.48303
-1.90725
1.19561
-0.315966
0.530337
0.333363
-1.02789
1.66463
-0.04805
0.973071
-1.3176
0.756083
0.514924
-0.658849
-0.683466
0.173449
-0.988899
0.414616
-0.399076
-0.259798
-1.55196
-0.735133
0.90476
-1.90239
1.33057
0.471006
-1.80302
-0.639279
-0.840274
1.1626
0.749958
-0.596809
-0.0345584
0.386203
1.11377
-0.14369
-0.0918329
-1.69975
1.835
0.248784
-0.710851
-0.59941
0.0931197
1.65439
0.80433
0.523052
1.87533
-1.12159
-1.52448
-0.48567
0.968559
1.45707
0.16724
-0.821239
0.904318
-2.90375
1.5881
-1.57515
2.1761
-0.00715872
-1.02242
0.53415
-0.0179472
-0.622207
0.632144
-0.95137
0.646801
-0.0440756
-1.24314
-2.0313
1.34764
-0.442923
0.146747
1.05884
1.60122
-1.03978
-0.940089
-0.12899
-0.464882
-0.399695
-1.13289
0.335558
-0.228594
-1.2102
-0.144454
0.0888461
0.874002
0.674104
1.06754
-2.23622
-1.21942
1.50094
-0.932228
-0.844039
-0.593899
-0.119761
0.628004
0.0711531
-0.307801
-0.500835
0.752417
-0.106469
-0.820149
0.0121966
0.0238704
-1.28732
-0.217364
0.393352
-0.440758
0.542721
0.457198
-0.667806
1.13261
-0.894184
-0.54579
0.533151
-0.0160243
-1.48712
-0.74033
0.0841183
0.615667
-0.992032
-0.0914331
-0.122234
0.892786
1.25682
-0.906896
-0.875071
-1.38809
1.26759
-0.199651
0.736545
-1.82008
-0.00345159
-0.932703
0.331186
0.984612
0.795982
0.0747715
-0.877899
1.26449
-1.23499
0.819232
-0.422212
-2.17755
0.258112
-1.53226
0.18807
1.12864
-0.994452
1.12817
-0.186741
-1.3612
0.147167
1.69337
-0.537114
1.79602
0.310686
0.507797
0.659489
-1.89009
-0.635252
0.317612
-2.05792
0.19937
-0.246231
0.688545
-0.852644
-0.626826
-0.716459
0.604891
-0.409115
0.425094
-0.521933
0.258142
0.697404
-0.337233
-0.789944
0.63593
-0.603475
0.620415
0.459807
-0.237119
-0.821893
-0.963615
0.269945
-0.35595
0.444257
-1.9537
0.862932
0.350856
-0.864617
0.5534
-0.206597
-0.465976
-1.2318
0.953134
-0.311043
-0.406616
0.574443
-1.60873
-0.701898
0.224184
-0.400631
-0.820335
-1.09308
0.0961449
1.46796
-0.923315
-0.18064
-0.76574
1.83841
0.583113
1.45874
-0.0982906
0.948286
0.194668
0.363857
-0.39434
0.898864
-0.201413
0.638369
0.855628
0.0232645
-1.05113
-0.435459
0.32192
-1.12884
-1.38743
-1.02926
-1.42679
1.13189
-0.726263
1.16546
1.35435
0.409361
2.16556
-0.28251
-0.0297678
0.967532
1.31576
0.0874128
0.153424
1.29225
-0.824784
-0.402886
0.693921
0.913038
0.82025
0.230982
0.950121
-0.814634
-0.229611
-0.0687586
-1.81607
-0.374889
-0.14149
-1.39885
0.323646
0.381424
-1.08007
-0.104912
-1.97219
-1.39936
1.01293
0.0117377
0.258553
0.32783
-1.16665
1.36337
-0.850774
-0.779035
-1.29642
0.490051
-0.0278387
0.565235
-0.399871
0.176544
-0.652853
-0.721799
0.144688
0.481612
-0.18005
-0.92483
-0.316936
-0.116149
1.52289
-0.937139
1.49757
-0.891011
-0.410799
0.203576
-1.2444
-0.0733254
-0.583587
0.58886
0.505203
0.291135
-1.27051
1.21416
0.455212
-0.405147
0.94917
0.0397425
-0.863451
0.452201
-0.88148
0.681304
0.21887
0.41807
-1.10418
0.26547
-0.393299
-2.61813
-1.14915
0.49501
0.300188
0.684381
-0.844512
-1.63241
-1.01982
0.32354
-1.48287
0.367749
0.635535
0.437087
0.851022
0.0998896
0.255464
0.936378
-1.08769
0.18477
0.0733958
-1.06205
1.40277
0.753174
-0.501174
0.627663
-1.16306
-0.34309
1.50898
1.06153
1.01129
0.144964
0.918178
1.08998
0.255051
-0.23353
1.04142
0.126673
-0.953339
0.00736446
0.837458
-1.39933
1.56508
-0.243533
-2.56635
0.667399
0.259233
1.02982
1.0294
0.0537872
-0.640441
-0.00973912
-0.157355
-0.669971
0.14309
-0.203291
-1.10412
-1.21688
2.72746
-0.126177
1.36537
-0.364967
-0.666489
-1.29933
0.0868702
-0.840648
1.00077
-0.396741
0.896912
0.687236
-0.189431
0.437208
-0.447857
-0.63376
-0.938524
-0.189717
0.67285
2.38139
0.959601
-2.19512
0.646184
0.0512797
-0.0631777
1.0233
-1.01204
-0.0331625
1.08061
-0.32589
-0.0218309
0.437237
-1.44211
-0.470809
0.10595
0.685035
-2.21097
0.351581
-1.93276
-0.238631
0.244423
0.781072
0.645699
0.0722952
-0.483774
0.577645
-0.286448
-0.612752
-1.07433
-1.02595
-0.0664371
-1.12216
-0.483211
0.734543
-1.87134
-0.825027
-0.0298276
0.11431
-0.979751
1.37419
-0.405121
-0.43876
0.473695
0.685971
0.137959
-0.601067
-0.27133
0.771995
0.728676
1.14168
-0.210066
-1.06241
-0.850859
-0.2159
-1.78938
-1.01129
0.453731
0.28622
-0.413907
2.27167
1.17015
-0.465912
0.93322
-0.182836
0.533624
1.39849
1.11059
-1.25326
1.44592
0.322584
0.845106
-0.153629
1.19813
0.304412
-0.0611113
-0.961041
-0.729003
1.0141
-0.349833
-0.20741
-0.914664
0.359561
-0.0878244
-1.32421
0.0327606
0.940824
0.641565
0.367875
1.41484
-0.688181
1.30841
0.713146
0.184837
-0.794766
-0.408041
1.70264
-1.56863
-1.53652
-0.237288
-0.457592
0.100141
0.0220633
-1.44914
1.1374
0.137116
-1.02594
0.294817
-0.503361
-0.929908
-0.248161
-0.357233
1.15251
1.5986
0.761672
-0.320477
-1.83022
0.459636
-0.499183
-1.39212
-0.0478238
1.69351
0.645058
0.00381728
0.461415
-1.83386
0.71911
0.0270683
1.43986
1.08713
0.0899352
0.127112
2.0837
0.754132
0.644019
-0.508579
-0.518277
-1.02816
1.42871
-0.245005
-0.402348
-0.579617
-0.103464
0.428186
-0.680638
0.196906
-1.44735
-0.0233043
0.90449
-1.52622
0.17746
-1.30489
-0.19812
0.899157
0.811936
2.25894
0.84483
1.37497
-2.13661
0.472909
-0.921569
-0.250472
1.22758
0.210167
-0.672874
-0.389092
-0.714042
0.535179
-1.27932
-0.147677
-0.232465
-0.78542
0.491851
-0.638773
-0.799481
1.14614
-0.793222
1.06785
0.899183
-0.0741267
2.05244
-0.742301
0.429886
-0.111988
-0.682988
-0.773854
1.1609
-0.887097
-0.534471
2.08527
-0.585178
-0.605398
-0.568757
0.416702
0.912042
0.198687
-2.23434
0.644603
0.742502
-1.40197
-0.642745
1.23272
-0.897129
-0.566475
-0.409764
-0.541455
-0.820632
1.40007
-1.75323
1.56096
0.209984
-0.0995408
-1.05051
-0.0515733
0.688604
-0.577948
-0.822393
0.90084
0.0177242
-0.807345
0.429854
-0.0520182
0.207168
1.53684
2.71521
-0.526487
0.333393
2.15384
-0.381781
-0.256123
0.376591
1.03393
-0.557601
0.757579
0.0268096
0.279587
0.0838108
0.409787
0.202768
-0.533358
0.522256
-0.51569
-0.480302
1.24508
1.37852
1.50469
0.366553
0.1292
0.530928
1.47267
0.853189
0.103669
0.817146
-0.918477
-0.684018
1.0192
-0.897388
1.02204
-0.284948
0.462059
-0.0517255
-0.527153
-0.443739
1.65572
-0.936193
1.60414
-2.42445
1.12186
-0.457048
1.00844
-0.765604
-0.269136
-0.599369
0.0709683
-1.13699
-0.496527
0.207755
0.774103
0.106455
0.114061
-0.746309
-0.334446
-0.31329
0.986869
-0.210737
0.887984
0.814424
-0.276664
-0.04281
0.29052
-0.0845975
0.426407
-1.82733
-0.374392
-0.0694501
0.667025
-0.425415
0.534949
-0.0257166
0.0832007
0.274347
-0.225104
-0.134272
0.168675
-1.16066
0.811836
-1.63866
-0.0326764
0.772851
1.81493
1.16772
0.0796239
-0.365999
-0.762769
0.681862
0.0947422
1.25348
-0.36399
-0.219658
-0.437557
0.466334
-0.827721
-1.56906
-1.42636
1.11886
1.43184
0.585749
-0.430932
-1.14887
1.1308
-0.231179
-0.671147
0.555783
0.936212
-1.113
-0.0646035
-0.264919
0.363188
0.109149
0.90052
-0.488356
-0.0308698
1.62224
-0.162141
-0.260058
-0.138427
-1.20994
-0.503345
-0.407543
-0.744902
-0.567981
-1.5512
0.474432
0.0127984
0.325072
0.721574
-0.794427
0.705866
0.50043
-1.15301
-0.0229911
-0.39127
-0.210589
-0.727459
0.369693
0.319767
0.0518721
-0.754403
1.15647
-1.29716
1.67231
-0.700475
-0.79495
-0.833091
1.09964
0.401723
-0.751929
-0.359278
-1.3726
0.568714
-0.274479
0.458848
0.220513
-0.436622
0.679152
1.42809
0.260351
2.02646
1.10661
-0.43312
0.882256
0.516911
0.376349
-0.882013
-0.980324
-0.794597
-0.068026
0.144656
-0.0842426
-0.271582
0.651616
-1.20346
-0.953407
0.773939
-0.654744
-1.20983
-0.93431
-0.109621
0.0112453
-1.71954
0.182666
-0.111265
-0.00682719
1.19381
0.856699
0.0629598
1.85805
0.23937
-0.493468
0.51131
1.71071
0.0178057
-1.36343
1.40325
-0.803508
0.232742
-1.67011
0.116651
-0.954486
0.347596
-0.841749
0.235507
-0.315223
-0.352944
-1.55764
-0.103606
0.953567
-0.425299
1.02299
-0.0658452
0.522616
0.872305
-0.730479
-0.230485
-0.488443
1.18716
0.372846
0.026432
0.459363
1.01247
-0.966263
-0.349862
-0.667319
0.85476
-0.0917972
0.143726
-0.338452
0.00800649
-1.1062
1.27037
-0.297703
0.492922
0.0558853
2.05521
2.06804
0.177239
-1.37647
-0.610698
0.892192
-1.10149
-0.0403221
0.294458
0.661427
0.58884
1.18516
0.71717
-0.743649
1.90342
0.315936
-1.24887
-1.38517
-0.515467
1.37974
0.227201
-0.788298
0.868895
-1.13966
0.596648
0.265102
-0.407916
0.737898
-0.418943
0.684131
1.07305
0.917362
0.886622
-0.0158382
0.108791
0.440087
-0.572746
0.859872
1.14428
-1.63406
-0.596959
-0.640668
0.348364
-0.749133
-0.328393
1.11961
-1.66062
-0.70651
-0.217032
0.843144
0.742007
0.537948
1.55437
-0.25921
0.43992
-0.116244
0.00562025
1.01327
-0.4559
1.71116
1.23599
0.4705
1.95656
-0.532056
0.631265
0.166647
-0.357182
1.30683
-1.30036
0.543535
-0.40446
1.28358
-1.35419
0.402788
0.627078
-1.48934
1.19509
0.89252
1.043
-0.840802
-0.873402
-0.83933
2.59933
-2.21534
-1.87025
0.121245
0.464942
0.11162
0.563155
0.4388
-1.64958
0.1472
-1.21199
-0.121894
-2.30225
2.06416
-0.478467
-0.725658
0.279248
0.0106621
-0.097507
0.0108112
-0.717862
-1.06912
0.0174886
-0.669385
-1.07583
-0.760486
-1.60206
-0.986178
0.331184
1.52673
2.07375
0.665681
-1.17642
0.606956
-1.79956
1.26847
-2.18753
1.49927
-0.442861
0.261121
-0.658022
-0.425021
-0.0035337
0.0785577
-0.429947
0.382363
1.23666
0.470462
-0.369849
0.566397
-1.84998
0.387143
0.362507
0.703177
0.298023
1.81031
-0.446812
-0.352364
1.11387
2.99059
0.553478
-0.622234
-0.29637
-0.576733
-0.431549
0.308859
0.116592
-1.48589
-0.450611
-0.163528
0.918449
0.712934
1.3309
-0.648702
-0.872119
0.212182
-1.97111
1.03079
-0.21798
1.27056
-0.238279
0.348063
-0.0747694
0.928167
-0.311848
-1.16565
2.66886
0.273597
1.07867
0.851807
0.419367
2.41224
0.373695
0.0200315
0.474614
-1.27652
0.833543
-0.0613101
1.3789
0.75053
-0.953693
0.458308
-0.80303
2.03249
1.38265
0.295575
0.712823
-1.74622
1.36516
-0.0447105
-0.193211
0.0185104
-0.343305
-0.227077
0.368601
-1.0235
-1.24193
0.127832
0.188061
-1.19467
0.958592
-1.66054
1.46517
0.141251
1.32867
1.51836
-0.0159766
1.62531
1.0373
0.4166
-0.0906409
-0.566885
2.25876
-2.36598
-1.09949
0.495031
1.67799
0.50221
0.529903
1.01022
-1.25733
-0.398144
0.682387
0.298369
-1.31544
0.738585
-0.517123
1.99321
1.66622
0.0760717
0.470437
0.608904
1.66188
-0.614345
0.479348
1.25976
0.888203
0.643184
-0.829339
-1.28631
0.777997
-0.707239
1.37345
-0.079352
0.930862
-0.713666
2.29122
1.09968
-0.480784
-2.92289
-0.835295
-0.584974
-0.982518
-1.72348
0.677823
-0.0138655
-0.146409
-0.457632
-0.283693
1.7077
0.379852
-0.328081
-0.904577
0.455685
0.826012
0.905056
0.311941
-0.0817954
-0.168639
-0.898511
-0.927705
-1.35538
1.20247
2.05603
0.095317
1.12329
0.0148422
-0.570002
-0.167348
1.61299
-1.2623
0.784686
-0.560752
-0.137975
0.185464
0.0415152
0.820264
1.52238
0.475852
-0.317017
0.82281
0.403843
-1.03834
-0.773317
0.782413
-1.35131
2.03226
-0.0808528
-0.537085
-1.4879
-0.13518
1.7489
0.0551079
0.917141
-0.37771
-0.592719
-1.58982
-0.528449
-1.48215
-1.46625
2.14806
0.00572889
-1.27583
-0.730891
0.451929
-1.74215
-0.917831
0.236094
0.355187
-1.3999
-1.00386
-0.872529
-0.0144157
-0.94969
0.429566
0.333186
0.373453
-0.604029
0.67664
0.340535
-0.321044
0.396725
1.36478
0.846345
0.101095
1.0769
-2.1761
0.0639387
-0.868596
-2.60684
0.0241579
-0.985112
0.443597
-1.28054
0.898121
-0.514381
1.15285
-1.03314
-0.323209
1.38142
-0.142087
-1.05882
2.07074
1.3471
0.75358
-1.19308
-1.63691
-0.442064
-0.31802
0.945381
-0.456203
-2.0889
0.83807
-0.527438
0.189686
0.255957
-2.5461
1.06228
1.12657
-1.10126
-0.877285
1.56829
2.06295
-2.43963
1.86383
-0.654841
-0.852934
1.37804
-0.285827
1.14664
-0.354076
0.0211346
-0.541381
1.404
-1.47414
-0.600422
-0.342929
-0.354715
0.271973
0.0259886
1.29539
1.33979
2.07641
0.00855352
-0.375551
-1.14372
-2.27266
-1.11955
0.491803
1.32344
0.359668
0.281267
-1.48083
-0.248069
0.0977551
1.13261
0.37295
-0.983239
1.23089
-0.126826
-0.741718
0.307965
-1.78676
-0.942218
-0.195251
1.30225
1.48355
1.10652
-1.30522
-1.15971
1.17096
0.661748
-1.55594
-0.651267
0.681254
0.623524
0.0713549
-0.626792
0.392543
1.34189
-0.712706
-0.919541
-0.209552
-0.18772
0.722191
1.14449
0.268548
-1.04873
-1.26353
0.848038
-1.90369
-0.480243
-0.137149
0.975949
0.684222
0.347747
1.54852
0.300575
4.52913e-05
-1.43092
0.0203275
-0.531918
-0.529246
-0.259773
0.715979
0.186872
-1.41552
0.151019
-0.529994
1.25107
-1.03449
0.112143
-1.20436
-1.33123
0.395164
-0.604221
-0.0540373
0.663684
-1.42088
-2.03435
-2.66383
1.44158
0.566526
0.125148
0.680202
1.20353
-0.562782
-0.443067
0.327555
1.77588
0.617385
-1.06345
-0.804478
1.03521
-1.53988
-1.00756
-0.783781
0.283792
-1.3702
-0.769365
-1.60409
1.14865
0.464856
0.69364
2.70948
-0.965993
-0.505163
-0.77357
-1.03952
0.377848
-0.725051
-0.110007
-1.16353
-0.342409
0.634798
-0.518868
0.171642
0.383578
-0.859679
0.769229
0.88051
0.308999
0.543067
0.41598
-1.43317
1.34026
-1.28987
1.55994
-1.55004
-1.14534
2.49845
0.125678
0.231786
-0.5697
0.878637
0.455767
-2.07168
-2.18267
0.551292
0.945434
-0.0611541
-1.1257
0.684427
-1.02552
0.160193
-0.764069
0.214164
-0.185496
-1.04197
1.20709
-2.6917
1.24791
0.490465
-0.129308
-0.93025
1.72066
0.514434
2.30959
-0.249241
1.66678
0.427973
1.13353
0.57033
0.101364
-0.857028
0.86581
-0.00751366
0.0884529
-1.48749
-0.315138
-0.83845
-1.64475
-0.187301
0.0385245
-0.442993
0.199763
1.51352
-0.529011
-0.248195
-0.604994
0.629729
1.58075
0.429519
-0.804651
-0.151475
-0.13107
0.902353
1.66771
-0.82754
-1.21836
0.140047
-0.309439
0.583758
0.176652
-0.697189
-0.791981
-0.212497
0.382472
1.03402
-0.880334
0.381474
0.194301
-0.176623
0.266293
0.823593
-0.0558024
-0.766834
1.83376
0.245562
-0.389221
-1.09561
-0.261678
0.8301
-0.103949
-0.728655
-0.531046
0.50272
-0.713977
0.761487
0.00864684
-0.187759
-0.585671
-0.200165
-1.02134
1.43664
0.411023
0.938223
-0.0401402
-0.276121
0.35354
0.482604
-1.51938
0.232031
0.653187
-0.176506
0.591794
1.69007
-0.296856
-0.18562
1.1885
-1.32778
-0.0603137
-0.173258
0.204619
-0.0829118
-0.77438
0.629289
0.549048
-0.753227
-1.41283
-0.966546
0.906831
0.201883
0.79973
1.89528
1.3542
0.190005
-0.255898
-0.780007
0.674435
-0.374745
-1.72499
-1.38719
0.167984
1.41029
-0.043874
-0.471086
-0.738885
-0.76447
1.54131
-2.0332
-1.45724
0.735881
0.153769
-0.489001
-1.22561
-0.412313
-0.344967
-0.541553
-0.395732
-0.0891026
0.718497
-1.03411
0.834372
0.461176
0.408631
0.054385
-0.741894
-0.210082
1.62259
0.544848
1.41186
1.06807
-3.37539e-05
-0.731309
-0.241591
0.226123
0.928707
-1.29371
-0.964373
0.254944
0.169358
1.18758
-2.05888
-0.489004
-0.163875
0.10084
-0.151686
0.806023
-0.540407
2.37539
-0.25951
-0.897705
0.443749
-0.780366
-1.44449
0.716324
0.896867
-0.432379
0.292862
-0.205513
0.576419
1.7699
-0.650922
-0.870058
1.63966
-0.741795
0.170075
0.566307
1.21188
1.54628
-1.11516
0.643964
0.790649
-0.825615
-0.757727
-1.17309
0.50923
-0.122385
-0.181982
0.161541
0.610964
0.735111
-1.67266
0.201461
0.899049
0.373121
-0.938114
-0.856619
0.034607
0.833797
0.735698
-1.02168
-0.0888756
0.582447
1.17566
-0.232624
-0.85407
-1.4661
1.9681
0.100958
-0.247675
1.2435
1.02069
1.66286
-0.836528
1.28839
-0.324428
-0.20484
0.798883
0.712784
-0.269143
-0.989184
0.23185
1.79065
-1.09391
0.287043
0.9365
-0.0360456
-0.173174
0.764097
-0.255206
0.36617
-0.35794
-0.942429
0.555811
1.03909
0.635147
0.107004
1.37768
-0.0197622
-0.199985
-0.420685
-1.92054
0.827691
-1.55219
1.10933
1.27022
-1.0884
1.00535
-2.23173
-1.9504
-0.311662
-0.643297
-0.737865
-0.902745
-0.653384
1.87379
-1.39967
1.57532
0.363494
-0.657969
-0.352384
-1.17104
-0.0600698
0.982767
0.160948
1.32673
-0.434375
0.626767
1.36937
0.0295958
1.10982
0.896878
2.4532
-0.793354
-0.762687
1.13338
0.193162
-0.248746
0.166531
-0.503183
-0.200872
-1.12855
-0.557079
-0.232325
-1.18556
2.17325
-1.02262
-1.1933
-0.310761
0.434994
2.10178
-0.678838
-2.14031
0.442042
0.536975
-1.21777
-0.663119
-0.287409
1.51547
-1.45127
-0.363925
1.2213
0.290626
0.585995
-1.27287
1.71821
-1.75445
0.391566
0.318175
-0.167865
-0.300384
-1.3236
0.092702
0.120333
0.107548
0.315764
1.02217
-0.461984
-0.703247
0.34743
1.14348
0.133552
1.5258
-0.529614
-0.980178
-0.411249
0.25375
-0.428831
-0.000187377
0.241749
0.469774
0.298111
-2.84873
-1.88287
-1.07894
0.498257
0.907585
0.306443
0.367777
-0.882926
-0.329819
1.38208
0.447206
0.0590163
0.685623
-0.0354973
1.34603
1.01699
1.06308
0.078203
-2.26966
-0.564854
1.20997
0.117222
-0.482755
1.20221
-0.807247
-0.72822
2.01421
-0.601012
-0.873099
1.6031
0.359679
-0.437449
-1.15867
0.296107
0.693078
-0.607991
0.0373911
-0.785342
0.127307
-0.285661
-1.55704
0.057438
-1.24084
-1.39374
-1.16604
2.43368
-1.66707
0.5138
0.63972
-0.871736
0.0127257
1.43826
-1.21108
-0.408751
-0.859439
-1.21149
-0.562603
0.453868
-0.922159
0.343499
-2.22934
0.308794
0.88643
0.653003
0.636543
0.36286
-1.04493
-0.165244
0.749677
0.0830177
0.947584
-0.342402
0.501168
0.917969
0.0737599
0.892048
0.739427
1.03562
0.982203
0.968524
0.537105
-0.319833
0.266273
0.322564
-0.848909
0.216338
0.982398
1.10966
0.443708
1.4416
-2.21095
0.085978
-0.202093
-0.128514
-1.28613
-0.457413
0.0224233
0.359169
-1.0135
-0.505753
-0.368729
1.2185
0.243362
-1.89745
0.808856
-0.565296
-0.845221
0.390702
0.663232
2.15043
0.0345716
1.19017
-1.1421
1.04467
0.654238
-0.111748
0.758245
1.13947
-0.0673444
0.582044
1.67542
2.27044
1.05779
0.993793
-0.914862
0.394443
1.06054
0.169733
0.0799446
0.283616
-0.663538
0.668212
0.187085
1.0854
0.276937
1.03653
-0.37555
1.649
-0.281251
0.0953496
-0.807427
-0.215546
-1.6279
-0.364183
-0.763349
-0.483146
1.12781
-1.48199
-1.96809
0.899901
-0.759247
-0.83154
1.74359
-1.37205
0.446187
-0.0848896
0.813851
-0.670979
-1.39744
-0.251013
0.50338
2.2134
-0.118986
0.0403335
0.398464
0.469475
1.42055
0.0551975
-1.26877
-1.33842
-0.439506
-0.372324
0.0136152
0.145975
-0.438289
-0.202693
1.31975
-0.908873
1.30125
2.11254
-2.01746
0.211134
-0.639841
-1.37949
0.787906
-0.58531
-0.361601
1.23674
1.16907
-0.123387
0.954914
-0.40439
-0.9953
-0.08582
0.549724
0.567338
0.873756
-1.52844
-0.278287
0.0996785
0.733367
0.291198
-1.97159
-1.09738
-0.115177
1.18915
-1.29705
-0.947066
-0.981517
-0.44554
0.595039
-1.58843
1.28598
0.555745
-0.401164
2.50666
-1.88284
0.97037
1.49701
-0.20424
-1.85272
-1.29034
-0.802173
-0.861399
1.70488
0.846836
-0.572756
-1.95224
0.175366
0.420641
0.733972
0.0377841
-0.479937
-1.06368
0.622659
1.31682
0.363641
-0.0140129
-1.68685
-0.320601
-0.406631
1.48669
-0.0628066
-0.787597
-1.3887
1.84019
-0.536687
0.675708
1.03264
-1.01563
-0.807912
-0.0440824
-0.654893
0.0385152
0.85915
-1.49976
0.390261
1.2359
-1.88765
-0.802173
2.1628
0.334493
0.282778
-1.28189
1.38394
0.860291
-0.401114
-0.196428
-0.515135
-1.04661
0.54714
-0.587411
0.491957
1.10786
-0.352644
0.230062
1.26297
-0.76114
-0.87265
-0.0904529
1.01211
1.39404
-0.0449185
-1.00225
0.589637
1.12603
0.261872
-1.20621
-0.133366
-0.903456
0.408436
0.0384643
-0.630977
-0.0672198
0.147815
0.796208
-1.31052
1.86477
-0.923461
-0.546652
-1.09578
-3.01974
0.0119611
-0.652464
0.997303
0.620599
-0.683941
0.161616
-1.20261
-0.365068
-0.0861915
1.30364
-0.468358
-1.49009
-0.820673
1.14059
0.0660637
-1.24366
0.856211
1.20916
-1.24258
0.877362
0.0466027
2.02777
-0.179043
1.82261
1.22093
-1.83734
-0.627821
-0.59345
0.235838
0.0720955
0.0215545
-0.805234
0.963629
-0.529256
0.0339962
-0.921215
-0.311668
1.04503
1.10698
-0.553667
-0.195494
-1.04449
0.46933
0.311063
0.978575
0.235701
0.75108
0.00281774
0.924993
-0.862747
0.481965
-0.776712
1.6368
-1.49243
1.27521
-0.921001
-0.42067
0.368205
-0.68749
0.461358
1.87226
-1.20431
0.76874
-0.580061
-1.17666
-1.99224
1.4254
0.390109
0.538159
1.44691
0.102993
0.279046
0.385107
0.840341
1.05507
-1.71824
1.66777
0.40444
-1.09027
-1.73796
1.12194
-0.0328265
-0.0563039
-1.03165
-0.872415
-1.46806
-1.84856
0.356179
1.43326
0.0309918
1.86828
-2.3645
-0.338172
-0.675565
-0.239593
-1.02953
-2.66397
-0.0958472
-0.498837
-0.240323
0.109758
2.17158
-0.301676
0.188843
-0.336465
0.960531
0.833245
0.735488
-0.138751
-1.47197
-0.805996
0.405827
-0.193753
0.305234
-1.52829
0.813469
-0.197412
-1.40408
0.804736
1.65227
1.06582
1.05481
0.347879
0.235276
-0.790268
0.457616
-1.28612
-0.681536
0.245206
0.646113
-0.489164
-1.25884
-0.905059
-1.45527
1.15553
0.529259
0.755635
0.150465
-0.554157
1.30813
-0.619586
-2.8755
-0.754893
1.81702
1.07447
-1.04682
0.399732
0.904701
0.130586
0.68512
-1.31854
0.645985
-1.40286
-1.21031
1.37464
1.28259
-0.74941
-1.25423
1.33791
-0.0574045
-0.201788
0.884348
1.75663
0.389167
-0.0190417
0.612426
0.222205
-1.55591
-0.895758
-0.176591
0.0120206
0.1756
-0.602391
-1.32628
-0.962279
0.608879
-0.000804813
0.220984
0.45237
1.0817
0.31347
0.302132
0.864022
-0.0350903
-1.20501
0.395833
-0.451601
0.428001
-0.108119
0.170003
0.163559
-0.522768
-0.279061
0.203314
0.271584
-0.642686
0.579008
0.97376
1.13587
2.56241
1.32537
0.217282
-0.44735
1.55562
0.560122
0.197945
0.0909338
0.878913
0.0514749
0.853047
-1.76471
-0.503674
-0.660958
-0.971969
1.19068
1.08225
-1.61493
0.638849
-0.519924
0.243931
-0.575825
-1.56187
-0.0155216
0.180256
-0.839852
2.22697
-0.0376156
0.13496
-0.0339032
-0.0608986
-0.847694
1.33189
0.99198
-0.324095
1.35053
-1.01563
-0.876914
-0.495573
0.943407
-0.302809
-1.68881
0.668433
0.543704
0.132415
0.757218
-1.64145
-1.11533
-1.1263
-0.618055
-0.618271
-0.00912049
-0.0529502
-0.288971
2.62062
0.418235
-1.57177
0.406399
-0.348218
-0.0261803
-0.0253853
0.848824
-1.08239
0.30338
-0.577577
-0.719468
-1.13896
0.220133
1.29161
0.536225
1.21872
-0.224544
-0.707978
-0.289747
-0.183493
-0.30713
-0.311854
-2.68721
0.344189
-0.740048
0.567027
-0.600621
0.514003
-0.581307
-0.684945
-1.35783
1.18914
1.0347
-0.974812
-1.38483
0.469048
-0.369531
-0.47355
1.08186
1.5627
1.16743
-1.02993
0.198599
-1.85861
1.91251
1.61696
0.315226
-0.0550811
-0.501889
1.49871
-0.29554
-0.440473
-0.12414
0.507378
1.67647
-0.221163
0.170809
0.465727
0.0812332
-1.23738
-0.495049
0.720782
0.101401
0.230337
0.377693
-0.78183
-1.22344
-0.243544
0.735367
-0.715066
0.640193
0.152485
2.12522
-0.522578
-1.46567
-0.338992
-0.206151
-1.61505
-0.311746
0.654445
0.0549054
1.68566
-1.2756
-1.91847
-0.0720519
-0.346426
0.119971
0.569095
1.51405
-1.86828
0.563256
-1.03407
-1.70583
0.983413
0.116355
0.446705
-0.234273
-0.249029
0.864598
0.541055
0.740249
-1.16688
0.668979
0.332908
0.722622
0.354631
1.52531
-0.937392
-0.65614
0.464869
0.826496
-0.938778
0.195855
0.543263
1.20669
0.426381
0.733374
0.450822
1.9825
0.406724
-0.0905673
-0.229222
0.923384
-0.103465
-1.17432
-0.0385919
-1.30411
-0.299808
-0.329778
0.294449
1.27953
0.33455
-0.718524
-0.256105
-0.0302582
1.05157
-0.433162
0.933743
-0.152163
-0.258366
-0.380933
2.53988
-1.03755
-0.62424
-1.36978
1.35822
1.09627
0.672881
0.791927
-0.375026
1.43174
1.09714
0.562253
0.880479
-0.25323
0.60068
1.23026
-0.175071
-0.117988
-0.844184
2.33605
-1.24605
-1.14034
-1.30742
0.584632
1.69346
0.839682
0.750206
-0.715418
-0.61165
0.981494
-0.296132
-1.15367
-1.46878
-2.77604
-0.324567
0.776915
0.876973
0.552585
0.159687
-0.434373
0.0473608
-0.53705
-1.13623
-0.321124
-0.0575111
-0.458156
0.0453972
-0.200824
1.23018
1.2329
1.74422
-0.251324
-0.543791
-0.451999
-0.914293
0.749604
0.447298
-0.665814
1.09956
0.25075
-1.12283
-0.221105
-0.971858
0.104539
-0.0232372
-0.293309
0.424083
-0.726794
0.196314
-1.2458
-1.06436
-0.0103331
-2.94551
-2.16059
0.167355
-0.61997
1.36056
0.550105
-2.06176
0.343653
0.628412
-1.97019
-1.09515
-1.00227
-0.133434
0.0405936
-1.15531
0.793983
0.179827
-0.229347
-0.185616
1.78777
-0.164001
-1.09408
0.425816
1.60845
0.17222
1.59561
0.158084
-0.120533
-0.587382
1.01125
1.35786
2.53935
-0.654464
-2.14015
0.300629
0.363567
-2.07992
0.830996
1.03171
-0.990678
0.263627
2.85507
-0.479178
0.461828
0.309698
0.792433
-0.126042
-0.822582
-0.789873
-1.10794
0.272845
-0.0907276
0.564058
-0.487747
-0.935478
0.705328
-1.35472
0.854404
0.713478
-0.619933
0.436876
-1.22404
0.392728
-0.834686
2.61414
-1.26351
0.817217
0.0347917
-0.183655
2.33704
-1.22791
-0.557241
-0.56108
-0.0141369
-0.199311
0.511012
0.109277
-1.05918
-0.625097
-0.110092
1.64218
-1.11535
1.08564
-0.209499
-0.527765
0.397816
0.471647
1.32815
0.542827
1.05101
-1.01323
-0.895013
0.531222
0.458425
0.592186
-0.0291809
0.619408
0.541987
-1.13965
1.18768
-0.203962
0.222382
-0.524861
-0.972622
0.329856
-1.45855
0.927103
1.63711
0.604307
-1.0684
0.994248
1.01515
0.397646
0.635812
-1.10671
2.1826
-0.436818
-1.91892
0.487576
0.634939
1.53807
-2.72038
-1.95125
0.470822
0.993231
-0.635141
-1.07239
1.12571
0.271735
1.96953
0.51482
0.0973044
1.53136
0.277497
0.404616
-0.380963
-1.31177
0.215194
1.06355
-0.379069
-0.54422
0.0155692
2.07056
-0.0815402
1.15544
-1.41017
0.734133
-0.468191
-0.856372
1.67193
0.21146
1.72129
-0.927295
-0.0212211
0.771211
0.986764
0.530775
1.85666
-0.26639
1.61786
0.217093
0.470909
1.20871
-0.072035
0.963674
-0.115637
1.65199
-0.507697
-0.874351
-0.329872
-0.730103
0.706678
-0.790257
-1.0284
0.883003
-0.735284
1.19089
0.0753276
1.16163
0.116435
-0.598684
-0.918387
-0.471654
0.86074
0.52766
0.927562
-1.58885
-0.698239
-0.31745
-0.853595
-0.554625
1.44918
0.451772
0.888479
0.567861
1.32592
1.95848
-2.54155
0.423635
1.35498
1.80589
0.368764
0.245728
0.0398187
0.13024
-1.2497
-0.953939
-1.10384
-0.112141
-0.0728791
1.81197
-0.983922
-1.30082
-0.694019
-0.828413
-0.929505
0.765762
-0.582764
-1.81943
-0.752245
-0.896082
-1.78617
-0.301089
2.39195
-0.442315
-0.761116
1.67846
-0.186326
-0.17075
0.0889531
-0.308464
-0.14639
-0.56821
-1.33166
-0.56623
0.55616
-2.28607
0.38399
0.460086
-0.794087
0.418375
0.7824
-0.0446566
-0.015956
-0.220286
0.467083
-0.622287
1.18341
1.18934
0.0550385
0.459446
2.3545
1.40762
-1.1524
-0.896715
0.294979
-1.06727
0.927076
1.26637
0.948935
0.809569
-0.202099
-0.0515224
2.03568
0.214071
0.987227
-2.07011
0.881201
0.72657
-1.22499
0.117224
-0.875762
0.519706
-0.158774
0.14302
1.20231
-0.10867
1.31817
0.961341
-0.202222
-0.453333
0.825286
0.342528
-0.524723
-0.884038
0.224217
0.96729
-0.862701
0.451443
-0.16513
-1.13228
1.11602
-1.57097
1.33789
0.396595
-1.54443
0.326761
-1.18134
1.9305
0.154777
1.74605
-3.4855
-0.288341
-0.448765
-1.48056
0.389956
-0.530363
-0.270785
-0.214393
1.67206
0.593896
-0.405107
-0.558306
-0.816021
-0.49701
-1.67548
1.81373
-0.518209
0.380729
0.947927
0.502015
1.98131
0.0813152
-2.00021
0.675188
1.06445
-0.679262
-0.759848
1.59217
1.25206
1.03982
0.367595
-1.43911
1.14066
0.157706
-0.178201
0.234365
-0.598752
0.414582
0.264398
2.08212
-0.111001
0.524324
-1.30226
1.02775
1.10454
-1.01599
0.830809
-1.25852
-1.16059
0.59633
1.25229
-0.187844
-0.984114
0.499285
0.214258
0.0542715
0.918369
-1.47019
0.473857
0.28673
0.617565
1.70657
0.898144
-0.469249
-0.221498
0.248155
0.307221
1.27131
0.939998
0.407193
-0.441264
0.467969
-1.68064
0.861944
0.144188
2.02414
-0.322532
1.57288
1.99466
0.436314
-0.732307
-0.486381
0.832547
-0.166483
0.262712
-0.804617
-0.364694
-0.992451
1.80691
-1.35654
-1.08956
-0.0763795
0.271566
-0.809407
0.0896105
-0.507171
-0.716335
2.17336
0.614423
-0.407103
0.480651
-2.51086
-0.247666
2.16777
1.32789
-2.28977
-0.764331
0.34622
0.904301
0.511827
-1.839
0.381822
1.05664
0.127572
-0.423723
-0.35371
-1.29608
0.60012
0.154787
0.133255
0.013482
0.560873
-0.625076
0.629749
2.09939
-1.10626
-0.389164
-0.0507277
-1.12366
2.75717
1.06775
-0.190757
0.127727
0.593682
-0.794723
-1.60782
0.299198
-0.169441
-1.3247
-0.403725
-1.07823
-0.909974
-0.639803
-0.690682
1.2778
-0.41667
-0.144034
2.73971
0.753978
-0.760029
-0.163142
-0.0222173
1.78282
0.100482
0.282574
-1.074
1.67271
-0.312311
-0.598195
0.668698
0.0132783
0.558452
-0.857104
0.121617
-1.59806
0.484055
-0.0425842
-0.0301294
1.0229
-2.43568
0.612402
0.667881
0.194076
-1.7318
0.475093
-2.16651
-0.926762
-0.728495
-1.05471
1.52363
-0.513586
0.132493
1.8892
-1.74408
-2.47582
0.179743
-0.333103
0.449339
1.77529
3.59771
-0.946693
-0.443629
0.726993
1.11066
0.139344
-0.338956
1.24921
-0.226934
0.272492
0.310609
-0.744983
1.54537
0.670849
-1.24827
0.399075
-0.00127585
-0.240652
-0.0795248
-0.123042
-0.567299
0.611514
-2.95199
-0.0360374
0.275562
1.09424
0.230219
1.0286
-0.485187
0.375924
-0.848434
0.514513
-0.800072
-1.35568
1.43421
1.62865
-1.33966
-1.38193
-0.520808
-1.15723
-0.98581
0.318597
-0.57713
-0.281081
-1.26544
0.492884
0.650302
0.88754
1.70403
0.149855
-0.142661
-1.06198
0.765187
-0.774333
0.276139
0.474351
0.862466
-0.391466
-0.350269
-0.431024
-0.554895
1.04503
-1.53899
0.0285126
-0.516931
1.61664
0.593808
-0.981065
1.41968
-0.51103
-0.202859
1.20967
-1.28115
-0.732067
-2.27054
0.113203
-0.826503
-0.546328
-1.16257
0.636418
0.665418
1.00402
0.697205
0.512472
-1.42723
0.597664
-0.127179
-2.25907
0.455926
-3.22168
1.56477
0.0609006
-1.38436
-0.108443
-0.807884
1.44626
0.115962
1.31212
1.66299
-2.54177
0.35168
-0.899966
-0.130886
-0.463166
-0.36988
-1.20343
-0.804807
0.11917
-0.519117
-1.80519
-0.518841
0.974009
-1.10539
0.348596
0.431997
-0.248363
1.16572
0.766402
0.639745
1.68887
0.864331
-1.2464
-0.740916
0.278888
-1.25832
-2.4703
-0.696896
-1.03063
-0.281043
-0.982126
0.858603
-0.163888
0.102286
-0.625852
-0.666201
-0.398524
0.639163
-0.339244
-0.831629
-0.268758
-0.836789
0.738281
-0.706069
-0.268924
-0.730451
-1.24675
-0.302455
0.540886
1.23394
-1.72005
-0.9332
1.39703
0.130889
0.630027
-1.44897
-0.340921
0.433077
1.91053
1.27003
-0.265095
-1.51395
-0.863864
-1.69644
-0.853981
-0.421487
0.620752
0.339536
0.827816
1.54662
-1.83651
0.157804
-1.18913
0.207752
-0.209872
-0.185447
-0.409422
1.77307
-0.296583
-0.852317
1.04859
-0.611664
-1.51748
-0.657744
1.99506
-0.302113
0.205195
0.513106
0.591671
0.0171585
1.67437
-1.15978
0.177136
-0.89853
1.01035
-1.40771
-0.408904
0.833828
1.78522
2.31909
1.04301
0.124516
-0.357943
-0.434389
0.810455
-0.708449
-0.25714
-1.52786
0.628663
0.487125
-1.6203
-0.681565
0.239563
-0.117662
1.92906
-0.244697
1.77131
-0.541148
0.247438
1.28795
-0.585649
0.937336
-2.27426
-0.236419
1.24881
-1.13852
-1.25553
0.00993244
0.921317
0.228571
-2.09878
-1.34095
2.01812
0.471726
1.08924
-0.107517
-0.602733
0.671178
1.1736
-0.348197
0.461286
-1.05105
1.2748
-1.10004
-1.68103
0.207884
-1.80878
-0.676127
1.16926
-0.180875
1.31295
-0.223283
-0.906675
-0.0809266
-1.33011
0.249624
-0.229521
-0.342579
0.174661
0.104697
-0.498547
1.24671
0.696141
0.282876
-1.58651
0.764012
-0.033818
-2.05896
1.45157
-0.674017
0.315021
-0.503994
2.10545
-0.0741159
0.561272
0.349589
-0.675836
-0.715631
-1.52948
0.253582
-0.767151
-0.80594
0.529829
-0.341788
0.495989
0.0656587
0.513549
-1.11039
1.54239
-0.799755
-0.734811
1.69109
0.445869
-0.465498
-0.716626
-0.555765
-1.18551
0.429921
0.433217
0.172234
-0.679613
-0.436467
1.13625
-0.0313208
0.214315
1.2956
2.84811
1.50691
0.945278
2.03036
-0.938464
0.687977
1.70837
-1.52464
0.48821
0.65951
-0.321125
-1.08494
-2.07329
0.402465
-0.11456
-0.188383
0.569093
0.469577
-0.610707
1.60534
-0.358782
-0.621984
-0.593036
-0.643599
0.322355
-0.277057
-0.285211
-0.87565
1.31442
-0.895673
-1.25391
-0.757827
1.22137
-2.34775
-1.34575
0.717208
0.214344
0.462203
-2.18122
-1.90404
1.11001
0.52552
0.0628475
-0.0244659
1.12375
-2.4969
-0.168865
1.35592
-0.179599
-0.67152
0.344992
0.0791914
0.20235
-0.580552
-0.0119372
-1.03817
-0.227026
-1.66432
-0.359492
1.24899
0.836252
1.14729
0.133789
-0.228896
0.121238
-0.509377
2.43148
-0.474944
1.04558
0.886318
1.77583
-1.4595
0.37642
0.569623
0.649671
1.15302
-1.28553
0.44974
-0.207794
-0.843205
-1.30037
0.646695
0.94132
-1.31484
-0.22333
-1.06892
-0.0646493
-1.48931
0.745055
-0.641498
-1.26151
0.294791
0.71116
-1.01064
0.398624
0.245894
0.229626
-2.13799
-0.0294669
-2.08414
0.109277
0.780192
0.958809
-1.08437
-0.805173
-0.382847
-0.0550853
0.736002
0.362969
1.40577
-0.559639
-1.95657
-1.03509
0.0835505
0.115167
0.0236451
0.0691573
0.551562
1.02458
-1.77268
0.369449
0.784309
-0.881056
-0.607391
1.48921
1.59818
1.19198
0.781105
-1.44429
-0.787255
1.53803
0.0515914
-0.238744
-0.858327
-1.09194
1.07109
1.66538
1.24427
0.354301
1.67866
-0.562555
0.64647
-1.0714
1.05053
0.35771
0.273744
-0.154743
0.525489
0.0748893
0.66213
0.824571
1.83133
0.0984812
0.130278
-0.337589
1.97191
0.714524
0.507596
0.368186
-1.61252
0.567546
-0.867973
2.23826
-1.03465
-0.0178556
-0.958556
0.921271
0.454402
-0.166659
0.417533
-2.00139
0.686998
0.0600795
2.08055
1.23277
0.338117
-0.438256
-0.766555
0.655346
-0.382991
0.659167
-0.150417
-1.03591
-1.48155
-0.352525
0.525011
-0.699991
-0.677854
1.36103
0.549328
-1.06639
0.678394
0.250734
-0.79147
-0.743996
0.0911877
-0.114938
0.672679
0.85404
0.467252
-0.545557
-1.0274
-0.447127
-1.0626
0.0442691
0.0381216
-0.175376
1.83784
0.0913966
0.219575
-1.12826
-2.47735
0.251307
0.73215
1.64615
-0.139301
-0.123014
-0.310217
1.09304
0.568622
0.539812
1.15235
-0.652978
0.755208
0.77162
-0.0644783
1.62109
-0.6007
0.848805
-0.825768
-0.556034
-0.0220747
-1.78342
0.608427
0.851098
-0.0409303
-0.213493
-1.86247
0.472263
-0.0256005
-1.06489
-0.0871695
-0.891842
0.487521
0.0358542
0.364686
0.243526
0.229726
0.421574
0.0656457
1.55396
-0.448012
-0.416249
0.811075
-1.07873
0.449345
-0.542306
0.160252
0.562381
1.34964
-0.0405388
0.891603
0.759582
-0.0326405
0.403123
-0.664095
0.207152
0.0869672
0.891681
-1.47372
1.91786
1.12778
0.269137
-1.00053
-0.979135
0.573286
-0.598637
-0.0761101
0.227763
-1.33687
0.342361
-0.671088
-0.72701
-0.636044
-1.31665
-0.483042
0.558504
-1.76172
0.52399
0.125279
0.744901
1.66697
-0.0235571
0.229789
-1.22618
0.143027
0.209442
-1.51452
0.48809
0.372024
0.62864
-0.025536
0.727626
0.127506
-1.08785
-0.239861
1.05889
0.163399
-1.03838
-0.986847