0.127002
0.685945
0.831151
0.0466702
0.476007
0.349607
0.345191
0.983023
0.00684732
0.503653
0.757348
0.291165
0.172482
0.392481
0.508939
0.889974
0.581106
0.966392
0.779321
0.559836
0.568938
0.743722
0.366488
0.535178
0.0972896
0.526708
0.462348
0.327663
0.273108
0.740015
0.798895
0.118226
0.644104
0.553013
0.803801
0.719088
0.976012
0.393088
0.324339
0.525474
0.303433
0.0640421
0.260128
0.816782
0.334198
0.0729158
0.753069
0.977083
0.401004
0.612042
0.318623
0.393365
0.0440644
0.203913
0.868411
0.851386
0.555228
0.741501
0.49419
0.0777
0.572679
0.43221
0.586852
0.478634
0.967009
0.490488
0.0729807
0.542178
0.745872
0.845701
0.00256138
0.273819
0.184888
0.959804
0.961152
0.122395
0.923492
0.651428
0.717266
0.923422
0.727947
0.209907
0.905884
0.666448
0.541492
0.765468
0.614609
0.873272
0.426263
0.220765
0.293761
0.030498
0.300457
0.0353085
0.367694
0.293976
0.232919
0.276703
0.671246
0.288825
0.788832
0.484494
0.10128
0.454935
0.593232
0.301035
0.756187
0.671861
0.81538
0.154968
0.560258
0.628165
0.258548
0.0178377
0.450946
0.108576
0.127431
0.592081
0.213445
0.271669
0.20474
0.447223
0.871931
0.847114
0.115552
0.883481
0.0204869
0.374378
0.949884
0.688464
0.676265
0.911469
0.898633
0.204041
0.511568
0.202437
0.673451
0.14711
0.437674
0.179585
0.3786
0.490001
0.258866
0.425271
0.853631
0.886986
0.0766947
0.222718
0.708934
0.856299
0.539308
0.738316
0.245185
0.273307
0.0966847
0.0336728
0.652801
0.27306
0.760184
0.382891
0.948798
0.0129714
0.317383
0.0382769
0.673229
0.958962
0.242942
0.794868
0.918883
0.308386
0.274332
0.135659
0.105383
0.856072
0.649069
0.859891
0.888614
0.261815
0.490741
0.617045
0.251249
0.580083
0.997699
0.374014
0.900132
0.167362
0.789707
0.867688
0.814688
0.321495
0.874231
0.902851
0.898096
0.0340418
0.360155
0.202841
0.789191
0.387372
0.132188
0.906595
0.358357
0.161114
0.96336
0.150278
0.83019
0.0431889
0.897884
0.634353
0.239377
0.826494
0.21288
0.949938
0.220168
0.135126
0.0129097
0.350557
0.772546
0.150805
0.920596
0.430849
0.596384
0.679906
0.327179
0.577197
0.969418
0.540418
0.591595
0.519605
0.210773
0.0409749
0.0184203
0.513226
0.326324
0.514089
0.18595
0.931181
0.907232
0.970525
0.157421
0.833053
0.200357
0.194099
0.333164
0.0296365
0.237268
0.724339
0.0452335
0.768884
0.85848
0.91104
0.0366738
0.183846
0.794473
0.0843133
0.234321
0.0270248
0.223771
0.696937
0.699901
0.644091
0.994539
0.413465
0.752933
0.744996
0.525951
0.581471
0.685255
0.589576
0.179321
0.452759
0.00536425
0.121711
0.037315
0.522131
0.87483
0.751639
0.199102
0.600765
0.432618
0.356944
0.877247
0.921485
0.598263
0.118474
0.0812787
0.654037
0.155633
0.898471
0.173807
0.663792
0.880685
0.893276
0.276895
0.836323
0.698829
0.558472
0.367403
0.735437
0.15809
0.453167
0.0539132
0.982435
0.206191
0.372036
0.48464
0.621336
0.315156
0.665154
0.148351
0.325849
0.980024
0.0419726
0.462581
0.829979
0.928919
0.120664
0.176944
0.986843
0.32446
0.530517
0.926187
0.058661
0.897595
0.468661
0.0471945
0.71943
0.247576
0.539422
0.587147
0.115306
0.134394
0.336259
0.180665
0.11969
0.920631
0.309926
0.14901
0.562267
0.022515
0.666897
0.233521
0.40917
0.820798
0.832951
0.732859
0.802905
0.376633
0.656371
0.381272
0.657183
0.722453
0.0110137
0.876805
0.554588
0.970818
0.980113
0.292021
0.781257
0.459193
0.0726637
0.460356
0.141608
0.196417
0.608327
0.215392
0.570571
0.841851
0.873875
0.195055
0.206365
0.390076
0.845141
0.0396943
0.521639
0.213016
0.307948
0.661328
0.819461
0.72867
0.148613
0.752356
0.454012
0.544594
0.747584
0.514191
0.215928
0.936443
0.398633
0.545892
0.540526
0.369363
0.587177
0.595607
0.6746
0.719356
0.86403
0.748624
0.00199458
0.260055
0.772433
0.235031
0.38081
0.787024
0.0898476
0.855093
0.857421
0.189049
0.4291
0.210785
0.784269
0.12499
0.92754
0.875216
0.495781
0.272855
0.371156
0.031751
0.168913
0.830844
0.102474
0.735471
0.557788
0.804775
0.759927
0.951766
0.667758
0.292548
0.184556
0.326649
0.435757
0.688361
0.674991
0.493478
0.77383
0.562261
0.939442
0.703124
0.964995
0.469763
0.0187902
0.0690877
0.298603
0.223988
0.511135
0.451168
0.485725
0.293408
0.413924
0.994627
0.141321
0.633856
0.773974
0.383866
0.63546
0.811639
0.499915
0.903953
0.649909
0.353962
0.641328
0.285532
0.891203
0.9265
0.805968
0.0874038
0.6759
0.138119
0.47812
0.540179
0.510814
0.494476
0.0416531
0.845539
0.310992
0.43411
0.0696261
0.723856
0.93258
0.312913
0.00296802
0.39761
0.808296
0.565465
0.288837
0.168824
0.948314
0.990582
0.568663
0.172296
0.900017
0.0152295
0.7077
0.180007
0.261404
0.227848
0.713348
0.515328
0.095923
0.0324357
0.000396562
0.0431049
0.462456
0.604544
0.196922
0.687264
0.589139
0.674627
0.8258
0.219458
0.108603
0.779714
0.431089
0.938002
0.644974
0.81354
0.242115
0.206637
0.00387821
0.795867
0.187982
0.363383
0.245424
0.665418
0.0267535
0.454413
0.850117
0.323696
0.80587
0.240936
0.569234
0.941245
0.143385
0.417893
0.790228
0.132251
0.737916
0.0472928
0.155414
0.0166435
0.392949
0.734311
0.0924819
0.30494
0.265838
0.547941
0.13043
0.00190755
0.720138
0.0271996
0.435093
0.564277
0.640384
0.189649
0.671124
0.126281
0.645266
0.494254
0.354865
0.596976
0.158138
0.470931
0.980417
0.316388
0.876736
0.445606
0.856657
0.328043
0.471587
0.361908
0.248083
0.30033
0.71877
0.244843
0.730273
0.42639
0.80477
0.133881
0.604072
0.935773
0.380132
0.393772
0.45011
0.518447
0.983879
0.634719
0.856623
0.842461
0.936277
0.688105
0.722651
0.941536
0.306768
0.127133
0.400553
0.286707
0.370014
0.88904
0.605002
0.60842
0.846715
0.0650276
0.638512
0.026532
0.443993
0.406099
0.594221
0.947498
0.760142
0.000405358
0.282046
0.695151
0.752346
0.189706
0.125262
0.653611
0.730422
0.483572
0.407402
0.576307
0.203848
0.0665593
0.904857
0.350049
0.107685
0.52611
0.392599
0.367682
0.801895
0.198752
0.179636
0.60419
0.15775
0.60937
0.733597
0.0526073
0.124243
0.339825
0.708615
0.9637
0.768497
0.0258559
0.650763
0.982992
0.636849
0.60317
0.95487
0.467149
0.358675
0.0627531
0.88454
0.684416
0.448797
0.772682
0.194057
0.678128
0.220414
0.89346
0.401622
0.853529
0.391802
0.226077
0.629652
0.4445
0.752972
0.819975
0.221246
0.113299
0.448242
0.983195
0.341016
0.154738
0.344513
0.894669
0.0553954
0.262043
0.927866
0.44669
0.939658
0.0138733
0.831625
0.902843
0.0563814
0.679498
0.431488
0.344179
0.0267521
0.0518257
0.0709212
0.264167
0.120101
0.802939
0.162122
0.369368
0.946925
0.488702
0.855404
0.222882
0.421764
0.182579
0.962431
0.176022
0.763079
0.122874
0.84989
0.744612
0.623593
0.622734
0.47188
0.496817
0.280109
0.349543
0.0730607
0.0842828
0.772292
0.234669
0.507958
0.363133
0.71412
0.858169
0.21331
0.880429
0.177821
0.348188
0.947079
0.40634
0.249706
0.464321
0.149846
0.761431
0.63618
0.694172
0.993897
0.0817182
0.153477
0.0966588
0.0208175
0.731363
0.990712
0.214664
0.578391
0.239952
0.00507779
0.0935721
0.00933115
0.572817
0.499302
0.277083
0.528964
0.178456
0.480141
0.0455654
0.385606
0.839608
0.124479
0.00657595
0.979573
0.951663
0.368416
0.0116081
0.323854
0.957804
0.604733
0.271044
0.822987
0.136925
0.204392
0.0385193
0.0227357
0.323016
0.360677
0.471355
0.8695
0.754469
0.601435
0.919496
0.974131
0.434582
0.181532
0.667457
0.233828
0.592407
0.562689
0.177924
0.703633
0.183906
0.99282
0.38557
0.357476
0.166205
0.222899
0.341264
0.12665
0.579271
0.0846606
0.915344
0.0840972
0.13082
0.757302
0.274223
0.494772
0.243068
0.243144
0.964352
0.698592
0.941607
0.910479
0.0964328
0.375208
0.309173
0.468556
0.650368
0.337197
0.877022
0.469595
0.696676
0.484775
0.00224168
0.390954
0.653
0.848702
0.316743
0.981364
0.904269
0.129789
0.675706
0.558302
0.150031
0.253023
0.552546
0.708328
0.689193
0.175242
0.367797
0.966382
0.232101
0.440048
0.345447
0.703155
0.491672
0.637544
0.201176
0.0519447
0.418003
0.00847054
0.757724
0.434485
0.123261
0.277369
0.558156
0.511726
0.508624
0.131889
0.554101
0.656863
0.872192
0.594573
0.931356
0.679038
0.732111
0.819647
0.623384
0.635153
0.638015
0.751436
0.565997
0.401457
0.577387
0.139992
0.474381
0.873005
0.428565
0.658716
0.0972927
0.382997
0.401937
0.637759
0.0813985
0.449181
0.484161
0.0117748
0.628065
0.524664
0.620507
0.849017
0.360135
0.574537
0.028628
0.981444
0.41593
0.0371528
0.244813
0.750236
0.700844
0.654463
0.309763
0.144667
0.20309
0.31873
0.325064
0.195739
0.0291018
0.372299
0.652291
0.872753
0.636371
0.0131032
0.708718
0.0131267
0.035993
0.595384
0.735027
0.948573
0.620954
0.0392403
0.732425
0.143507
0.317739
0.22995
0.895243
0.396973
0.570206
0.906977
0.85501
0.270415
0.339177
0.587133
0.382626
0.254992
0.121291
0.999088
0.443238
0.60706
0.592278
0.961662
0.290614
0.373605
0.72394
0.438007
0.475559
0.486998
0.192792
0.409677
0.0521802
0.138114
0.40249
0.753988
0.0184032
0.508484
0.543108
0.357909
0.796453
0.79695
0.664347
0.11838
0.237916
0.2253
0.119639
0.339918
0.0150482
0.850913
0.857528
0.383946
0.95448
0.980815
0.577081
0.120977
0.856224
0.137988
0.12856
0.871139
0.668944
0.645667
0.49028
0.327751
0.355676
0.265197
0.549202
0.342577
0.194578
0.380793
0.148437
0.916255
0.724072
0.54858
0.658558
0.525026
0.220858
0.949335
0.524609
0.673724
0.206423
0.445029
0.246148
0.189315
0.478864
0.330727
0.0569933
0.755371
0.445797
0.889941
0.729598
0.414817
0.249214
0.402883
0.193609
0.535785
0.22793
0.589649
0.939702
0.351512
0.734013
0.0697416
0.210302
0.0219841
0.241918
0.782372
0.711609
0.629118
0.61339
0.653718
0.693062
0.0546254
0.812158
0.67242
0.433663
0.356722
0.422463
0.412265
0.580183
0.287618
0.364462
0.690858
0.561914
0.775908
0.832561
0.791182
0.0246523
0.720932
0.463942
0.870376
0.951075
0.13934
0.640741
0.884222
0.730607
0.42551
0.750889
0.644026
0.694467
0.907887
0.544751
0.479561
0.11965
0.0322505
0.432307
0.352518
0.09503
0.869001
0.631839
0.649978
0.0953689
0.654558
0.927789
0.799822
0.753115
0.939861
0.216932
0.031875
0.105253
0.982539
0.303386
0.34347
0.803495
0.669102
0.951229
0.951099
0.997985
0.391981
0.843281
0.858509
0.73138
0.124631
0.824661
0.339537
0.1133
0.917783
0.71927
0.65393
0.860107
0.724992
0.620365
0.340326
0.707138
0.610518
0.836994
0.872012
0.206414
0.942985
0.651878
0.741812
0.30918
0.404749
0.243972
0.523643
0.27073
0.894708
0.331463
0.881559
0.527645
0.13433
0.765974
0.214775
0.0788141
0.461681
0.478005
0.755158
0.00134467
0.95248
0.323511
0.456448
0.811043
0.049733
0.721954
0.820274
0.49081
0.807847
0.443389
0.460713
0.852137
0.621498
0.0620995
0.737861
0.935681
0.578992
0.503368
0.376649
0.620933
0.336545
0.73239
0.0875348
0.539585
0.976541
0.0303262
0.160489
0.574775
0.115141
0.779578
0.270523
0.661898
0.0832431
0.985249
0.000692966
0.761535
0.135001
0.0141638
0.979337
0.514173
0.0134798
0.643688
0.0672242
0.0670082
0.299125
0.712146
0.153067
0.789236
0.109094
0.820969
0.968319
0.608597
0.82081
0.288458
0.653501
0.0136274
0.262543
0.767884
0.413271
0.23434
0.420412
0.00111977
0.731885
0.0374886
0.966972
0.749522
0.899217
0.367341
0.431916
0.41973
0.736404
0.701206
0.0797192
0.0876892
0.770594
0.254989
0.726415
0.347321
0.772353
0.244306
0.26804
0.176344
0.971007
0.452606
0.578476
0.289616
0.940172
0.229076
0.329372
0.873896
0.0858138
0.399268
0.641341
0.76257
0.936473
0.42837
0.642063
0.0312398
0.804043
0.703497
0.798384
0.476071
0.911609
0.375789
0.738436
0.071663
0.668028
0.476053
0.942401
0.116037
0.184904
0.406124
0.998049
0.602836
0.662078
0.924165
0.330052
0.183146
0.210166
0.428515
0.694456
0.574311
0.50941
0.795869
0.973097
0.72597
0.764919
0.794333
0.584312
0.0764139
0.233275
0.359974
0.18457
0.88737
0.714273
0.797693
0.35017
0.128691
0.256867
0.163975
0.0480718
0.68137
0.190206
0.762689
0.225294
0.135823
0.508782
0.361622
0.417434
0.779106
0.0386175
0.852253
0.123165
0.137963
0.4249
0.340854
0.150502
0.809668
0.533409
0.72077
0.702844
0.997653
0.061921
0.924756
0.991495
0.782685
0.911421
0.0740764
0.785069
0.725884
0.275222
0.562635
0.816562
0.914499
0.45898
0.576796
0.493089
0.664723
0.283571
0.453315
0.641988
0.738528
0.725089
0.942136
0.72105
0.787413
0.640055
0.991267
0.147331
0.849267
0.207124
0.442701
0.22851
0.137458
0.553477
0.0211551
0.10606
0.632463
0.70234
0.300796
0.377036
0.895286
0.500889
0.415056
0.750905
0.621953
0.546074
0.575829
0.949634
0.675218
0.393275
0.389919
0.713788
0.0365756
0.266107
0.627352
0.673809
0.755251
0.0959711
0.707649
0.661495
0.64836
0.73369
0.337219
0.755354
0.0358941
0.409323
0.598018
0.887679
0.637788
0.318108
0.962625
0.867055
0.916169
0.27676
0.47522
0.894167
0.669842
0.225473
0.680683
0.329635
0.561062
0.385632
0.486112
0.303317
0.618853
0.885989
0.273597
0.214943
0.68121
0.55193
0.591066
0.845674
0.853243
0.454627
0.252418
0.199599
0.032291
0.183745
0.153416
0.240432
0.8513
0.500956
0.00194109
0.0472932
0.266963
0.916971
0.55659
0.80475
0.214086
0.27012
0.351832
0.624602
0.651522
0.587236
0.207918
0.0485507
0.254474
0.994813
0.467567
0.238024
0.845481
0.463029
0.35122
0.375893
0.953257
0.0577946
0.625924
0.240552
0.276518
0.740601
0.844606
0.593187
0.324825
0.339129
0.715817
0.695293
0.636463
0.744463
0.535885
0.0664079
0.150748
0.279783
0.139269
0.79801
0.830214
0.987022
0.206798
0.281569
0.977139
0.654555
0.0375574
0.355026
0.770174
0.882925
0.315141
0.0746956
0.170835
0.481056
0.474684
0.120173
0.776264
0.453918
0.830737
0.370505
0.817128
0.25667
0.509967
0.213277
0.914147
0.771263
0.905634
0.458572
0.576064
0.230433
0.640236
0.000363505
0.644763
0.184987
0.698361
0.0680532
0.776606
0.451221
0.0485679
0.180592
0.976044
0.615732
0.272001
0.679131
0.293856
0.480564
0.918012
0.424896
0.0177762
0.0929463
0.569756
0.167832
0.945261
0.668266
0.312676
0.352011
0.676263
0.13727
0.423298
0.817205
0.627355
0.044537
0.842268
0.98398
0.00224775
0.405405
0.563213
0.641171
0.375743
0.792569
0.984696
0.629086
0.843874
0.13807
0.112103
0.352893
0.268452
0.181608
0.161075
0.850411
0.767691
0.208466
0.49958
0.482021
0.273686
0.752255
0.52846
0.457408
0.228711
0.0300875
0.158118
0.33101
0.238512
0.970896
0.266829
0.583882
0.123644
0.56956
0.914915
0.141649
0.141279
0.159292
0.0636223
0.287448
0.724021
0.83888
0.459134
0.74313
0.689279
0.136414
0.271166
0.819837
0.926979
0.427156
0.700501
0.489522
0.604798
0.914321
0.155662
0.692573
0.58568
0.567782
0.333107
0.388673
0.387124
0.630129
0.150394
0.783865
0.760905
0.211002
0.780138
0.725253
0.813638
0.434518
0.74642
0.557493
0.741959
0.796418
0.567854
0.154391
0.241548
0.705526
0.466019
0.731327
0.917673
0.710252
0.281941
0.774275
0.644689
0.620351
0.464972
0.931256
0.0260931
0.00788364
0.251437
0.509645
0.663556
0.395074
0.545502
0.639756
0.421737
0.0952433
0.419751
0.693917
0.384849
0.385562
0.197697
0.800987
0.542087
0.374533
0.628856
0.0850528
0.112675
0.974828
0.0664872
0.560912
0.33804
0.812744
0.166148
0.509971
0.873702
0.718455
0.64369
0.688082
0.958781
0.99673
0.428874
0.0941993
0.783795
0.708713
0.102969
0.587386
0.0025607
0.871139
0.747371
0.637568
0.888746
0.92519
0.350791
0.814902
0.501026
0.102243
0.961051
0.299173
0.951059
0.617192
0.230904
0.156809
0.138439
0.862208
0.131279
0.264583
0.907607
0.567473
0.981713
0.804541
0.895596
0.89547
0.302648
0.867971
0.726253
0.56214
0.422011
0.564366
0.228501
0.828701
0.826124
0.127928
0.0885099
0.674739
0.803563
0.902939
0.450849
0.0491429
0.340854
0.127374
0.884852
0.557989
0.253346
0.0673965
0.73369
0.551106
0.807649
0.0977745
0.404539
0.842735
0.386517
0.396473
0.219287
0.399255
0.0822305
0.964851
0.305194
0.469232
0.253259
0.263018
0.326109
0.643852
0.444201
0.181786
0.0984771
0.370794
0.641864
0.927809
0.831406
0.297221
0.251716
0.782126
0.219586
0.772836
0.136251
0.30189
0.788581
0.0563695
0.758982
0.256595
0.311442
0.175565
0.0680101
0.700603
0.728062
0.313887
0.872205
0.926123
0.661273
0.172644
0.147174
0.736373
0.11203
0.324101
0.545783
0.818566
0.572118
0.226024
0.220494
0.638865
0.566866
0.598482
0.165743
0.975039
0.932191
0.674352
0.476768
0.180443
0.463743
0.43571
0.699946
0.14026
0.451107
0.308977
0.477817
0.823841
0.208289
0.231517
0.830415
0.360367
0.88459
0.92107
0.132267
0.670911
0.237972
0.590777
0.133708
0.81856
0.0508554
0.212027
0.414746
0.482972
0.7041
0.359264
0.278927
0.140584
0.579536
0.249558
0.280203
0.707502
0.74351
0.0129073
0.556485
0.319722
0.571762
0.366553
0.731159
0.453959
0.553914
0.475245
0.244879
0.465513
0.645511
0.0547391
0.623643
0.237758
0.00656485
0.028965
0.551023
0.610813
0.222159
0.935117
0.471318
0.140937
0.352831
0.318745
0.849267
0.232696
0.353347
0.732038
0.446251
0.899082
0.771705
0.875413
0.144004
0.27844
0.170277
0.246255
0.529242
0.401647
0.221327
0.441175
0.0304198
0.641072
0.772193
0.450995
0.573071
0.448325
0.169931
0.73852
0.43324
0.59697
0.79746
0.951171
0.697567
0.924791
0.258461
0.221172
0.374551
0.147307
0.106014
0.967123
0.482577
0.308002
0.650947
0.00591421
0.0569422
0.595832
0.918001
0.845213
0.76378
0.822552
0.0349887
0.20876
0.573421
0.286667
0.132446
0.122425
0.796705
0.166116
0.466865
0.131562
0.389161
0.787423
0.789394
0.697878
0.757512
0.508991
0.759952
0.123389
0.806892
0.72558
0.821785
0.245109
0.312619
0.236311
0.699991
0.338667
0.622758
0.979435
0.212645
0.622708
0.344076
0.988213
0.54557
0.374283
0.670196
0.285101
0.840187
0.0856177
0.442735
0.305846
0.852139
0.748069
0.268574
0.66098
0.931044
0.738564
0.442803
0.355972
0.903231
0.475124
0.754884
0.240113
0.506523
0.567925
0.75973
0.0921305
0.318299
0.413061
0.739794
0.0134256
0.847626
0.892779
0.468192
0.305317
0.933172
0.492368
0.200512
0.666485
0.337808
0.940067
0.834025
0.938279
0.377814
0.156429
0.103982
0.418672
0.0536762
0.654382
0.0716743
0.542392
0.401976
0.172569
0.269619
0.530227
0.918416
0.851123
0.565922
0.611044
0.308031
0.563201
0.820301
0.510064
0.803712
0.448974
0.446883
0.14154
0.235384
0.401253
0.582145
0.0741446
0.515751
0.710189
0.336543
0.288396
0.968479
0.00188051
0.492728
0.155537
0.508376
0.491794
0.478764
0.601429
0.932475
0.831052
0.812864
0.170604
0.665749
0.621694
0.307831
0.576694
0.227796
0.304834
0.292226
0.293753
0.482007
0.425165
0.91191
0.637617
0.719947
0.95828
0.611075
0.74698
0.134966
0.975385
0.0446143
0.572589
0.472316
0.675035
0.853976
0.650706
0.810866
0.612531
0.267257
0.949602
0.880574
0.143813
0.534242
0.992913
0.318855
0.0249654
0.0273843
0.0475681
0.939748
0.164254
0.0594977
0.524354
0.262502
0.168239
0.857507
0.824467
0.623849
0.844916
0.993395
0.419492
0.871095
0.980552
0.483501
0.279694
0.849596
0.795492
0.437209
0.402175
0.0460359
0.639963
0.433912
0.267338
0.166843
0.767107
0.608522
0.462071
0.450855
0.61816
0.829278
0.486997
0.369806
0.887484
0.336578
0.72269
0.399897
0.760128
0.528052
0.332376
0.581992
0.865875
0.844488
0.0644211
0.596539
0.704503
0.208845
0.175567
0.164074
0.618702
0.797636
0.348794
0.752368
0.955264
0.671491
0.348493
0.440669
0.0687082
0.951608
0.380931
0.461321
0.906966
0.376316
0.422899
0.80833
0.544828
0.182061
0.957068
0.933784
0.140115
0.453169
0.619178
0.0986794
0.0226205
0.141108
0.435317
0.40734
0.940301
0.509857
0.566718
0.372577
0.892934
0.0540313
0.0620942
0.102501
0.901027
0.994293
0.195493
0.0943875
0.484316
0.616794
0.688708
0.0748982
0.930901
0.605153
0.0570299
0.349506
0.648347
0.320021
0.0897318
0.983241
0.299764
0.744837
0.442747
0.246055
0.851676
0.794261
0.630116
0.462775
0.374191
0.95498
0.992563
0.593458
0.512297
0.914008
0.962011
0.668792
0.288305
0.150344
0.709235
0.889894
0.303465
0.0526418
0.701432
0.214414
0.524603
0.998102
0.0441533
0.0564564
0.0902388
0.77371
0.741528
0.537864
0.652317
0.262418
0.745368
0.498311
0.979049
0.318737
0.184094
0.268284
0.587377
0.734431
0.884937
0.478626
0.74146
0.807526
0.244096
0.377212
0.498103
0.695263
0.0394456
0.0673651
0.327186
0.213705
0.26729
0.545588
0.458272
0.609931
0.417755
0.120664
0.785379
0.265592
0.586656
0.339245
0.577877
0.599155
0.777953
0.959057
0.396238
0.387233
0.492782
0.0872271
0.348201
0.234003
0.23805
0.3841
0.591977
0.743236
0.0380616
0.334935
0.980202
0.610304
0.77588
0.687079
0.906984
0.578769
0.744544
0.119509
0.651327
0.228776
0.313695
0.714916
0.732388
0.524431
0.160557
0.225585
0.0409507
0.303528
0.757999
0.793587
0.397993
0.956679
0.348875
0.062779
0.00166763
0.112518
0.522594
0.355397
0.79455
0.985564
0.854343
0.204222
0.186219
0.90373
0.0355727
0.906046
0.745635
0.703226
0.0898725
0.754708
0.417901
0.477316
0.049382
0.967587
0.476357
0.549139
0.0979998
0.784548
0.789566
0.697574
0.637738
0.359194
0.72395
0.229499
0.94317
0.0890477
0.580335
0.830798
0.927592
0.586561
0.75412
0.316976
0.478819
0.71468
0.813343
0.130217
0.20415
0.544857
0.0198277
0.829014
0.68133
0.614907
0.433172
0.772828
0.929251
0.374474
0.202132
0.672745
0.816666
0.84236
0.908536
0.908751
0.489649
0.432346
0.900344
0.85721
0.434144
0.0771134
0.0199681
0.0300555
0.731875
0.676872
0.280038
0.692436
0.157169
0.954943
0.803256
0.18307
0.121861
0.249056
0.273295
0.619562
0.154605
0.589138
0.116576
0.252037
0.088713
0.702096
0.63085
0.0464758
0.340516
0.669885
0.385459
0.841633
0.665227
0.0127193
0.384785
0.360368
0.0322153
0.725896
0.271479
0.919222
0.477997
0.115785
0.236101
0.322328
0.20275
0.955488
0.737772
0.931851
0.310913
0.606441
0.455463
0.812188
0.755742
0.281676
0.597887
0.850661
0.72003
0.21152
0.909582
0.971613
0.0223293
0.592316
0.682331
0.901764
0.658983
0.141818
0.892277
0.287894
0.527966
0.171713
0.36618
0.547762
0.7712
0.204833
0.0414275
0.0113802
0.645065
0.230082
0.4667
0.351113
0.667309
0.510508
0.104168
0.222548
0.463686
0.811181
0.0152418
0.113887
0.225926
0.384892
0.952326
0.530363
0.0294473
0.778336
0.784956
0.617328
0.261266
0.608971
0.322438
0.993096
0.407631
0.557001
0.182504
0.0135247
0.185659
0.829602
0.970546
0.0625665
0.73842
0.493742
0.112098
0.918087
0.141283
0.478218
0.899395
0.27307
0.251692
0.309671
0.653883
0.347243
0.146241
0.0215122
0.392264
0.974655
0.457448
0.246728
0.980989
0.402906
0.436634
0.563139
0.757261
0.690872
0.0243421
0.208679
0.871094
0.308962
0.612634
0.901969
0.450409
0.345724
0.188281
0.106391
0.399665
0.153336
0.994166
0.619413
0.606319
0.586168
0.113773
0.733604
0.331342
0.591455
0.27953
0.789123
0.375774
0.115617
0.604158
0.41684
0.388326
0.313611
0.369802
0.911812
0.334763
0.680443
0.683551
0.130976
0.0407614
0.613015
0.358366
0.174266
0.98469
0.676844
0.0602724
0.910264
0.415327
0.561728
0.712437
0.177333
0.438183
0.252598
0.903009
0.767596
0.433965
0.829133
0.220313
0.973249
0.115393
0.321128
0.345342
0.641796
0.949414
0.496289
0.175157
0.792157
0.120848
0.269483
0.94707
0.290551
0.52851
0.584261
0.456519
0.869478
0.138089
0.0900766
0.419315
0.189674
0.637025
0.100827
0.950374
0.842708
0.0454521
0.361482
0.421213
0.793544
0.217674
0.650182
0.373267
0.206372
0.895036
0.649285
0.897547
0.258016
0.629653
0.00855549
0.0854047
0.971135
0.904553
0.672424
0.0299308
0.506634
0.549912
0.405257
0.95254
0.89322
0.342681
0.449319
0.880117
0.876781
0.989493
0.713032
0.434264
0.114355
0.836376
0.515286
0.34975
0.54074
0.128498
0.567672
0.782483
0.644097
0.208496
0.979898
0.586802
0.402461
0.642154
0.90065
0.674697
0.861859
0.588267
0.230549
0.58713
0.0881278
0.260394
0.228615
0.946036
0.526049
0.895946
0.663841
0.225311
0.672257
0.640464
0.412573
0.235467
0.976934
0.690383
0.502424
0.805362
0.327751
0.557067
0.471748
0.898917
0.827962
0.682917
0.0814249
0.520948
0.239613
0.470079
0.627437
0.0518074
0.0438657
0.119435
0.167046
0.00276932
0.507091
0.613863
0.945353
0.615085
0.312546
0.967571
0.844337
0.402945
0.877867
0.152451
0.701463
0.608568
0.420174
0.366111
0.0848786
0.604281
0.596816
0.848947
0.554434
0.897392
0.602985
0.635174
0.64326
0.431299
0.52567
0.943716
0.882563
0.639251
0.596221
0.64097
0.449062
0.218285
0.234727
0.787251
0.407727
0.164148
0.121951
0.91222
0.892274
0.252108
0.0472549
0.240257
0.847116
0.374171
0.062158
0.769441
0.908487
0.484852
0.160301
0.990504
0.534831
0.913971
0.224671
0.229766
0.892671
0.0650623
0.4329
0.368428
0.771263
0.157361
0.591608
0.0973424
0.00729134
0.380251
0.246671
0.310194
0.136159
0.0837704
0.829881
0.37508
0.155546
0.303154
0.435549
0.152187
0.247822
0.505256
0.634166
0.507574
0.511164
0.341956
0.139674
0.288522
0.975915
0.36161
0.0927212
0.718997
0.497945
0.279505
0.128827
0.786966
0.40706
0.0661125
0.432963
0.776962
0.898917
0.301495
0.20708
0.639722
0.450143
0.746032
0.594407
0.41551
0.598982
0.962771
0.995622
0.927125
0.123274
0.594701
0.0564072
0.576777
0.976814
0.174073
0.618581
0.796651
0.448973
0.763961
0.345063
0.180656
0.0150272
0.262576
0.421408
0.865412
0.889312
0.960362
0.933251
0.0597791
0.055656
0.897648
0.101052
0.433318
0.704855
0.445228
0.803829
0.070236
0.32388
0.682646
0.746113
0.0131439
0.286468
0.666224
0.062925
0.715701
0.681757
0.0943973
0.280195
0.810681
0.0204494
0.344184
0.914065
0.802724
0.369902
0.409668
0.555125
0.48384
0.186398
0.592825
0.191944
0.536951
0.695673
0.594191
0.777506
0.91436
0.420273
0.898126
0.605702
0.993324
0.206705
0.251393
0.26238
0.554654
0.267627
0.459886
0.0295472
0.943244
0.673827
0.848731
0.668575
0.163975
0.384816
0.375968
0.784095
0.634995
0.663713
0.276719
0.504788
0.909614
0.120817
0.108656
0.164681
0.51882
0.679155
0.257732
0.304749
0.673272
0.49301
0.323776
0.432372
0.315126
0.337081
0.463657
0.88929
0.529488
0.41316
0.585516
0.61766
0.763587
0.319939
0.96205
0.641884
0.287838
0.426073
0.745752
0.199845
0.0621905
0.311361
0.188484
0.519787
0.0634948
0.219465
0.133273
0.770939
0.781288
0.628433
0.276732
0.956093
0.0368638
0.498764
0.972842
0.43525
0.877879
0.941081
0.488518
0.691601
0.171816
0.312937
0.368813
0.0995362
0.614854
0.468604
0.751355
0.64395
0.184254
0.279107
0.72226
0.907196
0.895179
0.359235
0.623292
0.225895
0.727119
0.169259
0.613655
0.226179
0.900399
0.964631
0.519334
0.262886
0.300928
0.439159
0.951481
0.0963126
0.864689
0.0285337
0.476743
0.789507
0.601899
0.397059
0.235997
0.690852
0.511637
0.381001
0.620741
0.345725
0.219115
0.164816
0.811869
0.0725039
0.229183
0.205736
0.774506
0.734328
0.470758
0.140141
0.204922
0.0484272
0.433387
0.343822
0.62497
0.788505
0.00809097
0.774662
0.785707
0.612348
0.647522
0.226263
0.422102
0.230984
0.448411
0.200782
0.602341
0.055467
0.106689
0.424967
0.327806
0.815493
0.457977
0.40777
0.477633
0.00137164
0.631278
0.8231
0.797147
0.49974
0.534727
0.371128
0.400774
0.348348
0.266795
0.482613
0.114803
0.135221
0.323436
0.416881
0.859297
0.753835
0.758726
0.00475558
0.581198
0.112745
0.389613
0.458204
0.695768
0.283267
0.513868
0.629129
0.390898
0.900716
0.934174
0.6454
0.162431
0.154047
0.493923
0.514237
0.733368
0.380526
0.389046
0.64979
0.837891
0.432016
0.683544
0.70059
0.489351
0.180353
0.781166
0.00903194
0.943582
0.261235
0.168559
0.0814071
0.812463
0.0299541
0.663788
0.670195
0.972573
0.00189782
0.422879
0.988918
0.423296
0.25553
0.00684702
0.811338
0.995055
0.336083
0.505085
0.792474
0.956004
0.89226
0.809153
0.322233
0.136925
0.908111
0.91339
0.414154
0.975279
0.692388
0.738891
0.657791
0.0949334
0.897004
0.960636
0.495349
0.666516
0.238325
0.545895
0.435206
0.994078
0.482199
0.443036
0.140372
0.416616
0.820121
0.322445
0.760743
0.325176
0.52562
0.0354414
0.943947
0.0281233
0.102079
0.11611
0.831575
0.832563
0.749372
0.112823
0.490759
0.254228
0.503057
0.133349
0.982482
0.50908
0.721369
0.635582
0.415427
0.981548
0.731135
0.666554
0.963629
0.584527
0.640943
0.757923
0.311261
0.806908
0.532779
0.336253
0.228004
0.0824556
0.617127
0.326925
0.759613
0.0562794
0.567693
0.80553
0.301624
0.519965
0.00647533
0.907002
0.221194
0.905281
0.919903
0.932251
0.53744
0.512008
0.664766
0.894073
0.60251
0.43503
0.0396308
0.946398
0.678358
0.930352
0.414935
0.345049
0.0378593
0.671824
0.26598
0.835559
0.531184
0.151657
0.827251
0.65958
0.823228
0.190066
0.439399
0.581675
0.983657
0.0432168
0.952038
0.625444
0.675952
0.663915
0.612802
0.997835
0.86904
0.838862
0.587859
0.013039
0.293598
0.349728
0.215125
0.929966
0.00502366
0.787652
0.504611
0.401816
0.226814
0.0708369
0.977694
0.168762
0.224519
0.119859
0.915123
0.883395
0.189918
0.267654
0.349724
0.448586
0.944375
0.0327527
0.238891
0.839209
0.42504
0.117276
0.805162
0.171906
0.248009
0.994061
0.553295
0.570712
0.529125
0.645959
0.747925
0.829521
0.295842
0.599787
0.499044
0.820404
0.3771
0.973997
0.148253
0.562264
0.128635
0.277376
0.606535
0.974888
0.68035
0.654594
0.574466
0.28295
0.558255
0.918358
0.667857
0.682494
0.328351
0.318882
0.263255
0.67919
0.256745
0.916004
0.293162
0.929387
0.322196
0.414857
0.970354
0.458652
0.973806
0.569628
0.0453764
0.14157
0.323533
0.806164
0.524471
0.522108
0.970131
0.379852
0.637614
0.921299
0.884594
0.766404
0.319187
0.956434
0.0240326
0.163362
0.631307
0.672443
0.00823141
0.485876
0.44767
0.676943
0.847491
0.587971
0.581696
0.268182
0.649302
0.70393
0.786187
0.333869
0.875986
0.303217
0.243916
0.357496
0.315799
0.023855
0.160799
0.999647
0.167361
0.679179
0.0765351
0.378363
0.858574
0.332743
0.17595
0.513595
0.608866
0.182352
0.214809
0.109166
0.875863
0.171368
0.769057
0.330222
0.195983
0.766738
0.538108
0.848149
0.937356
0.153745
0.50102
0.120575
0.298587
0.659722
0.997707
0.289793
0.463525
0.780005
0.0725146
0.72805
0.539722
0.207329
0.0198898
0.429792
0.54296
0.567088
0.768482
0.744572
0.873286
0.637314
0.687006
0.428848
0.81045
0.846766
0.326343
0.668359
0.917777
0.850652
0.787414
0.844643
0.146453
0.486681
0.336745
0.313636
0.036048
0.666594
0.364066
0.481563
0.158252
0.661633
0.439563
0.734145
0.00520659
0.621611
0.471147
0.675564
0.432759
0.0972322
0.115397
0.738432
0.714414
0.811432
0.282792
0.404101
0.346129
0.555031
0.14723
0.814071
0.228474
0.601257
0.772032
0.712843
0.843419
0.741327
0.254856
0.296985
0.137322
0.583514
0.739683
0.175476
0.503813
0.869413
0.648847
0.264401
0.68278
0.506264
0.678617
0.501332
0.432935
0.358547
0.439479
0.873041
0.40563
0.441047
0.128632
0.857594
0.32317
0.111562
0.405343
0.856994
0.185059
0.798903
0.841018
0.591024
0.32262
0.532868
0.47141
0.388915
0.894772
0.320673
0.663512
0.374816
0.282519
0.863184
0.840612
0.334399
0.137833
0.67909
0.782803
0.2678
0.157056
0.346048
0.107232
0.157777
0.608042
0.0951942
0.697845
0.28583
0.154244
0.983109
0.456016
0.734022
0.438816
0.685644
0.389195
0.2639
0.750822
0.211024
0.517347
0.289771
0.69626
0.889789
0.861274
0.674536
0.471751
0.341784
0.985738
0.201597
0.0525575
0.993986
0.344854
0.951636
0.789555
0.551306
0.47624
0.634845
0.122602
0.449088
0.615227
0.839616
0.281377
0.0546171
0.989744
0.519514
0.716897
0.708524
0.877763
0.496814
0.924369
0.904273
0.0626171
0.217276
0.0979602
0.718369
0.593399
0.386911
0.1357
0.953501
0.283694
0.967259
0.105031
0.690957
0.472555
0.205524
0.0287959
0.947013
0.145622
0.287187
0.663976
0.309265
0.986582
0.149787
0.453812
0.566772
0.606096
0.846969
0.0300727
0.40445
0.162186
0.79788
0.913764
0.562597
0.137218
0.346111
0.244215
0.521393
0.495517
0.252656
0.400895
0.815154
0.415983
0.492872
0.283816
0.321663
0.527881
0.650321
0.148996
0.333377
0.408421
0.722603
0.924488
0.395528
0.193117
0.099599
0.658542
0.0660714
0.302604
0.203415
0.373313
0.818516
0.92688
0.169732
0.942619
0.423616
0.484576
0.887739
0.426325
0.625458
0.123639
0.130583
0.637179
0.995702
0.0884302
0.724655
0.966945
0.626205
0.381273
0.30218
0.561264
0.787314
0.105878
0.125964
0.217993
0.00293741
0.264771
0.614934
0.429422
0.659137
0.0378144
0.260955
0.842207
0.61648
0.37051
0.305021
0.77572
0.12283
0.277973
0.95127
0.11894
0.311833
0.0126837
0.666234
0.750326
0.597454
0.0791861
0.694788
0.383865
0.327748
0.615972
0.0851732
0.174802
0.735963
0.231916
0.171042
0.241816
0.870423
0.0251787
0.0850953
0.130168
0.496553
0.277323
0.83874
0.856537
0.938413
0.52651
0.975591
0.43891
0.705324
0.42725
0.763495
0.0622303
0.669272
0.660665
0.547511
0.11168
0.65204
0.741124
0.105254
0.331284
0.193057
0.180176
0.966188
0.579817
0.280585
0.49379
0.551707
0.804231
0.72945
0.857268
0.272518
0.309329
0.711956
0.397289
0.835377
0.382387
0.497012
0.851782
0.0515684
0.801822
0.995144
0.704348
0.509065
0.497252
0.0895942
0.843015
0.0811516
0.577156
0.584902
0.734274
0.759534
0.553384
0.0297821
0.294834
0.00635492
0.720247
0.682915
0.0991283
0.181103
0.627011
0.525252
0.309959
0.211793
0.987832
0.592195
0.648118
0.673172
0.783159
0.227507
0.527485
0.534525
0.141486
0.856785
0.351763
0.105902
0.429821
0.678863
0.897556
0.181386
0.519855
0.865649
0.559368
0.0915413
0.292383
0.29867
0.402755
0.284607
0.712202
0.445414
0.589027
0.188411
0.463536
0.614842
0.221742
0.776491
0.615427
0.759135
0.0281231
0.706309
0.939571
0.689133
0.923002
0.885697
0.790704
0.590396
0.915054
0.150778
0.259402
0.286668
0.190397
0.558714
0.744571
0.384544
0.120894
0.642173
0.642319
0.472696
0.908351
0.605632
0.999175
0.516159
0.568173
0.633146
0.636768
0.71162
0.936346
0.829188
0.0522008
0.915223
0.205173
0.0456438
0.286657
0.192909
0.888728
0.739083
0.679726
0.830349
0.0622697
0.152464
0.477643
0.764219
0.662691
0.284696
0.297995
0.480673
0.255596
0.341593
0.23188
0.569653
0.8335
0.177836
0.0116997
0.570998
0.0889787
0.0173297
0.108926
0.00409737
0.851598
0.426849
0.0269283
0.555274
0.433175
0.820001
0.613305
0.336356
0.0377227
0.867244
0.051527
0.222975
0.111053
0.279327
0.392066
0.422154
0.833747
0.938712
0.568922
0.896477
0.850883
0.124656
0.623926
0.41741
0.479228
0.885328
0.995462
0.0668158
0.944781
0.466761
0.875171
0.871987
0.227031
0.334755
0.516117
0.394736
0.20996
0.690317
0.64255
0.505842
0.104193
0.835975
0.783897
0.483843
0.742383
0.37305
0.765068
0.0913053
0.132168
0.417014
0.0404453
0.66532
0.0368617
0.0201058
0.949276
0.941132
0.312291
0.09014
0.339782
0.917103
0.833962
0.798493
0.367534
0.779658
0.201121
0.557115
0.0202377
0.907124
0.230004
0.283873
0.969124
0.120259
0.918631
0.575382
0.551346
0.73013
0.219562
0.804727
0.621355
0.780651
0.907765
0.582748
0.364358
0.858922
0.600966
0.863394
0.661686
0.667287
0.893098
0.63999
0.286936
0.0914803
0.595061
0.576377
0.696727
0.0596224
0.342903
0.765433
0.410813
0.577843
0.848963
0.577513
0.965577
0.828784
0.289578
0.144735
0.608187
0.958375
0.085013
0.296528
0.0764364
0.366442
0.76212
0.350914
0.978879
0.171917
0.882047
0.912367
0.663342
0.658113
0.251596
0.519806
0.0777288
0.0792538
0.917805
0.0321266
0.332315
0.61899
0.0561417
0.559874
0.958059
0.139338
0.689139
0.168408
0.27695
0.270476
0.306298
0.978132
0.11587
0.096632
0.191424
0.686791
0.806246
0.836253
0.416759
0.946973
0.102894
0.0523263
0.666641
0.0609333
0.161934
0.420785
0.332555
0.706841
0.0862522
0.887179
0.992552
0.616445
0.584023
0.489849
0.761496
0.598028
0.0291036
0.138425
0.241489
0.498725
0.0760485
0.689166
0.225349
0.70246
0.385919
0.934652
0.523043
0.92254
0.0951377
0.488124
0.752562
0.00600497
0.0559598
0.0215839
0.700997
0.429807
0.67588
0.507873
0.484921
0.25091
0.424244
0.510814
0.286698
0.716679
0.950452
0.737724
0.232642
0.519424
0.136629
0.274255
0.183702
0.717883
0.0335469
0.269576
0.205947
0.265929
0.800831
0.998721
0.582206
0.187853
0.878653
0.279385
0.234361
0.959245
0.758394
0.811125
0.193919
0.492202
0.665985
0.69914
0.342582
0.107627
0.208596
0.85509
0.206807
0.679578
0.559129
0.72485
0.317034
0.403922
0.673465
0.0515875
0.990866
0.3336
0.933516
0.493754
0.942105
0.65421
0.79946
0.754098
0.734523
0.145681
0.94134
0.643753
0.996055
0.115841
0.866457
0.571115
0.111085
0.477564
0.805187
0.0355324
0.463156
0.0282212
0.632812
0.0772162
0.633369
0.631077
0.873577
0.503115
0.593107
0.710443
0.995322
0.355973
0.252479
0.956575
0.596336
0.990904
0.287873
0.0737009
0.518862
0.710278
0.694496
0.398422
0.9205
0.983959
0.927926
0.557914
0.768642
0.177611
0.300914
0.18823
0.597037
0.170137
0.355724
0.175564
0.287832
0.750537
0.0093204
0.509805
0.530994
0.514585
0.403273
0.435572
0.947706
0.520948
0.814562
0.0429326
0.553977
0.38396
0.061083
0.262315
0.908747
0.401033
0.888105
0.0634291
0.786796
0.0581785
0.0434474
0.0839123
0.378763
0.935815
0.704398
0.527025
0.546977
0.656215
0.779738
0.705114
0.836743
0.144068
0.116199
0.520658
0.898555
0.0241807
0.801171
0.253166
0.84164
0.940792
0.519104
0.592725
0.433195
0.826718
0.186022
0.334087
0.773273
0.448511
0.219675
0.0536006
0.990303
0.8127
0.921139
0.0450928
0.140969
0.830488
0.794321
0.456073
0.0534013
0.922748
0.0351823
0.703098
0.597907
0.645379
0.0127975
0.393288
0.836672
0.251399
0.272362
0.210097
0.379467
0.0673504
0.352473
0.968226
0.952594
0.515669
0.552287
0.830827
0.867474
0.101763
0.696009
0.47992
0.503267
0.15297
0.289449
0.213199
0.688221
0.432939
0.398498
0.784054
0.463588
0.573274
0.0085275
0.958684
0.428656
0.590012
0.633923
0.75907
0.749983
0.902111
0.633235
0.764739
0.679378
0.564431
0.333974
0.787164
0.535502
0.0989546
0.663295
0.462759
0.897418
0.0396836
0.667242
0.126563
0.931693
0.981025
0.599685
0.335662
0.484937
0.17379
0.0340232
0.694759
0.148947
0.362525
0.245286
0.521864
0.889905
0.0721938
0.93681
0.0749894
0.542384
0.476566
0.102503
0.262494
0.243152
0.513523
0.695048
0.773421
0.920842
0.593753
0.441492
0.0869308
0.116188
0.896102
0.983386
0.228712
0.976845
0.906369
0.31418
0.146341
0.257443
0.87266
0.711978
0.565293
0.621717
0.120064
0.961961
0.960083
0.921259
0.856702
0.448064
0.740247
0.706801
0.810169
0.675571
0.666003
0.926879
0.311327
0.0712067
0.166274
0.8343
0.449208
0.196516
0.361331
0.900187
0.0963162
0.127994
0.831306
0.872037
0.93937
0.0712613
0.435246
0.595525
0.83507
0.0317481
0.0716101
0.474579
0.967563
0.182266
0.64441
0.631992
0.809629
0.104561
0.696033
0.632774
0.568061
0.101893
0.658659
0.0417628
0.364709
0.199345
0.856275
0.939491
0.437643
0.573542
0.429466
0.0425504
0.686789
0.265372
0.25289
0.876731
0.542765
0.98052
0.460705
0.603245
0.183512
0.946418
0.374
0.987974
0.563318
0.793306
0.45386
0.201289
0.743204
0.718253
0.932742
0.152714
0.485314
0.874591
0.948488
0.132297
0.190672
0.450817
0.3762
0.154051
0.0697156
0.034523
0.486152
0.5665
0.819436
0.365523
0.40325
0.190749
0.630775
0.157958
0.582495
0.335419
0.289279
0.333446
0.844309
0.285769
0.439423
0.3572
0.717076
0.101639
0.614569
0.0849646
0.786366
0.584488
0.570805
0.951475
0.769058
0.287829
0.630134
0.0912921
0.406877
0.987136
0.147322
0.35271
0.456613
0.208664
0.385536
0.218178
0.539788
0.909192
0.654653
0.182446
0.895705
0.0172301
0.506573
0.854946
0.430702
0.804244
0.397137
0.0339545
0.968312
0.416106
0.18099
0.399032
0.726108
0.351817
0.366431
0.253554
0.00428505
0.180522
0.806061
0.0467601
0.912404
0.0929923
0.127526
0.0457206
0.109989
0.255212
0.439009
0.645169
0.00828365
0.364453
0.667479
0.240466
0.990875
0.611833
0.574885
0.0592529
0.131661
0.987723
0.0985621
0.489449
0.931906
0.16431
0.0704226
0.328053
0.90688
0.746314
0.958753
0.921193
0.800169
0.513392
0.400098
0.119106
0.525033
0.389283
0.412228
0.834606
0.142542
0.478207
0.466163
0.578157
0.188958
0.554091
0.577652
0.480573
0.204546
0.364018
0.147858
0.000519222
0.863364
0.254569
0.812907
0.680148
0.220352
0.22938
0.451051
0.821564
0.23424
0.969704
0.146361
0.417798
0.139165
0.322335
0.49556
0.832209
0.349117
0.473805
0.0706055
0.190332
0.192036
0.827898
0.338726
0.703262
0.0397472
0.169814
0.585636
0.24398
0.187851
0.80119
0.873672
0.998055
0.363569
0.765781
0.581847
0.758317
0.228058
0.775525
0.297562
0.51887
0.349541
0.679007
0.652506
0.109138
0.675214
0.611465
0.374339
0.795639
0.484695
0.834135
0.500987
0.639296
0.73077
0.858456
0.506448
0.616932
0.503475
0.99541
0.475797
0.675134
0.243208
0.401475
0.889321
0.423379
0.75434
0.152759
0.503689
0.948469
0.995496
0.0875239
0.101127
0.462041
0.288396
0.698674
0.430106
0.131883
0.908316
0.129657
0.352297
0.535221
0.633397
0.435445
0.19079
0.849598
0.159146
0.728936
0.207922
0.865874
0.504777
0.345039
0.797526
0.178591
0.0361781
0.483371
0.52046
0.498614
0.247403
0.657138
0.145455
0.703453
0.271831
0.743643
0.575007
0.814485
0.369505
0.438281
0.0504226
0.449023
0.554888
0.181048
0.547887
0.511039
0.876626
0.068567
0.402614
0.716656
0.547594
0.0103749
0.42541
0.726302
0.325469
0.787208
0.233796
0.0302364
0.60496
0.576694
0.261816
0.21457
0.949174
0.42896
0.297032
0.427748
0.0950034
0.831635
0.791949
0.641896
0.908801
0.0349455
0.706289
0.797255
0.526276
0.53227
0.795771
0.209068
0.970643
0.241128
0.696923
0.986473
0.139907
0.701016
0.2313
0.932087
0.735809
0.596331
0.150007
0.413872
0.943682
0.946749
0.343845
0.399693
0.223735
0.718961
0.864532
0.230922
0.693033
0.946383
0.336009
0.93913
0.0625984
0.0835404
0.869203
0.220419
0.602517
0.621804
0.448015
0.172313
0.504292
0.52755
0.0134206
0.57682
0.410125
0.292634
0.52531
0.323801
0.667488
0.464546
0.806721
0.716319
0.826337
0.375329
0.55665
0.070462
0.594686
0.0316958
0.848005
0.791638
0.352227
0.874785
0.0920934
0.0142784
0.270285
0.251399
0.143482
0.485065
0.312409
0.102495
0.922447
0.269656
0.507187
0.766355
0.756339
0.595907
0.114762
0.48135
0.094586
0.0831443
0.548195
0.739955
0.015342
0.242429
0.998599
0.774418
0.0278777
0.109621
0.524168
0.0280758
0.0868811
0.0530134
0.994215
0.9604
0.884134
0.179287
0.760508
0.31515
0.025462
0.6058
0.939824
0.762212
0.405796
0.864715
0.524182
0.35257
0.211662
0.744704
0.205805
0.0511523
0.854627
0.495555
0.278667
0.237188
0.681764
0.865067
0.299648
0.83758
0.795156
0.556244
0.832123
0.110768
0.83778
0.646575
0.92958
0.37377
0.448653
0.570273
0.322162
0.778658
0.83719
0.358203
0.112358
0.00129012
0.798426
0.06419
0.881599
0.272552
0.951126
0.154305
0.381922
0.956927
0.116103
0.211747
0.41615
0.643561
0.602148
0.446792
0.842886
0.860068
0.498963
0.952885
0.569818
0.88302
0.379212
0.911058
0.433137
0.0800112
0.542984
0.887904
0.554344
0.740541
0.617658
0.210929
0.0398703
0.646764
0.184291
0.881802
0.112445
0.719532
0.420163
0.536966
0.243314
0.253927
0.923455
0.294824
0.622235
0.131594
0.214722
0.67521
0.213099
0.775813
0.50715
0.689233
0.311497
0.708176
0.523205
0.298738
0.838158
0.829961
0.861114
0.614921
0.636041
0.828558
0.45152
0.52579
0.159609
0.545383
0.206931
0.757917
0.277426
0.00593931
0.998465
0.490091
0.797799
0.72839
0.314896
0.384698
0.100547
0.00614016
0.532232
0.749077
0.531062
0.382002
0.703241
0.468218
0.176599
0.521935
0.328105
0.779012
0.319343
0.0155355
0.107897
0.108401
0.0630332
0.759043
0.41091
0.162199
0.868072
0.168937
0.741285
0.605393
0.129028
0.681912
0.0459111
0.111561
0.870467
0.0244923
0.13257
0.677468
0.102267
0.742472
0.297857
0.546395
0.0656017
0.0461911
0.87899
0.274314
0.963886
0.187317
0.500723
0.414738
0.839029
0.71985
0.208604
0.520684
0.850159
0.242669
0.457846
0.83011
0.203338
0.264869
0.045852
0.600239
0.123412
0.631123
0.760678
0.146408
0.98874
0.738978
0.508711
0.0959075
0.753163
0.10029
0.418935
0.62431
0.232153
0.164431
0.999404
0.143809
0.0909193
0.944464
0.46551
0.445036
0.785162
0.0428247
0.7642
0.861225
0.665872
0.690251
0.590622
0.935989
0.58605
0.224717
0.438881
0.690091
0.546792
0.763892
0.84362
0.273828
0.56364
0.527893
0.817997
0.692643
0.0984598
0.912966
0.391427
0.336034
0.850046
0.826967
0.156233
0.536801
0.530195
0.82066
0.870003
0.808976
0.775912
0.332492
0.391134
0.454554
0.0402544
0.666543
0.0604181
0.372055
0.923674
0.810708
0.431173
0.619722
0.413931
0.959068
0.560402
0.795346
0.744112
0.753428
0.570928
0.930242
0.792246
0.120687
0.592555
0.324066
0.142696
0.252059
0.424764
0.561323
0.926735
0.677605
0.382857
0.0609834
0.619558
0.220298
0.838234
0.238946
0.250125
0.233989
0.981016
0.33911
0.757075
0.0118519
0.741642
0.91215
0.066538
0.681281
0.00818687
0.504535
0.0752703
0.352504
0.970763
0.187313
0.634828
0.456293
0.813362
0.311725
0.26468
0.819501
0.27417
0.0955074
0.532196
0.268035
0.561055
0.998909
0.314975
0.696641
0.530958
0.180196
0.659536
0.128565
0.466521
0.249972
0.567496
0.938089
0.054296
0.554684
0.212551
0.186695
0.314726
0.885292
0.13056
0.551405
0.983562
0.785703
0.179423
0.0993109
0.726737
0.879228
0.81255
0.615198
0.562104
0.794485
0.897028
0.756353
0.192014
0.845542
0.820925
0.155531
0.522761
0.869218
0.269708
0.983159
0.384745
0.740256
0.153872
0.460114
0.586621
0.870512
0.170789
0.634461
0.74589
0.473871
0.398028
0.243224
0.866229
0.984719
0.960521
0.700323
0.791929
0.449321
0.426939
0.967795
0.395385
0.201159
0.390651
0.462712
0.918825
0.361354
0.0737508
0.127628
0.0968599
0.288524
0.191463
0.53137
0.112683
0.683982
0.702636
0.88603
0.958308
0.409584
0.502715
0.74396
0.638264
0.427783
0.512256
0.559335
0.0864179
0.836517
0.393541
0.87251
0.318209
0.922256
0.00489549
0.751902
0.857703
0.935117
0.174218
0.537727
0.411972
0.676783
0.594623
0.750082
0.518692
0.425343
0.328445
0.583459
0.729156
0.0355335
0.594052
0.501603
0.349902
0.824539
0.384811
0.663399
0.308616
0.121008
0.832089
0.203738
0.884147
0.596317
0.318607
0.373612
0.548168
0.452128
0.839804
0.345853
0.424277
0.292054
0.00297515
0.46303
0.14795
0.773045
0.140172
0.364094
0.261419
0.0309294
0.596704
0.0561813
0.0261483
0.969271
0.703526
0.0840177
0.0814873
0.212357
0.162927
0.180731
0.829553
0.932979
0.164324
0.535637
0.479307
0.880137
0.803327
0.022044
0.639522
0.00854263
0.190559
0.831319
0.203281
0.308054
0.433556
0.00196765
0.0297145
0.0212386
0.657403
0.152059
0.943344
0.766689
0.170415
0.107887
0.605508
0.37855
0.801738
0.100242
0.813817
0.19326
0.688022
0.750655
0.525934
0.585822
0.739368
0.42781
0.886295
0.511729
0.0623477
0.942677
0.903967
0.191391
0.262445
0.925234
0.754503
0.724943
0.241981
0.345395
0.128591
0.418158
0.498247
0.078559
0.110683
0.0814239
0.346852
0.133808
0.521808
0.175481
0.256248
0.563201
0.0749407
0.507591
0.432019
0.805546
0.682244
0.163919
0.478978
0.740339
0.486103
0.972641
0.302932
0.976539
0.592621
0.510798
0.231283
0.628213
0.382114
0.289012
0.782866
0.215027
0.831266
0.38883
0.00146305
0.622451
0.495814
0.680998
0.533077
0.598158
0.218704
0.549779
0.604556
0.944475
0.115871
0.75849
0.0891351
0.989282
0.583827
0.124889
0.238177
0.934788
0.787746
0.213956
0.284088
0.48105
0.297412
0.213519
0.812881
0.821091
0.0698869
0.415475
0.865584
0.449883
0.362636
0.787735
0.0422645
0.371302
0.332827
0.670032
0.464481
0.607573
0.216944
0.519125
0.799302
0.0272346
0.329864
0.850126
0.0755482
0.898216
0.0444266
0.0989174
0.358361
0.25058
0.928628
0.9427
0.0700996
0.621933
0.829209
0.907158
0.497279
0.724274
0.0796889
0.784332
0.716833
0.381642
0.0185189
0.885804
0.338878
0.855135
0.434359
0.65002
0.0384156
0.154219
0.56009
0.0290131
0.469921
0.015423
0.284117
0.603035
0.660543
0.250296
0.613805
0.712895
0.152946
0.5289
0.161408
0.0488293
0.357326
0.902186
0.0429133
0.0193275
0.642743
0.621762
0.991286
0.842669
0.416274
0.340543
0.912878
0.339827
0.143645
0.486018
0.713126
0.488436
0.745079
0.34808
0.462583
0.468232
0.0900629
0.961332
0.0439245
0.810129
0.178432
0.162208
0.32574
0.398856
0.590749
0.386635
0.790704
0.665848
0.193867
0.532022
0.497415
0.149235
0.250121
0.599892
0.750808
0.240561
0.263753
0.594952
0.978612
0.406273
0.4302
0.74233
0.394725
0.721971
0.355579
0.792551
0.779504
0.0982232
0.0617413
0.52382
0.961519
0.195878
0.558658
0.791935
0.224053
0.933154
0.385701
0.985919
0.34498
0.578826
0.74444
0.94446
0.474092
0.044818
0.291248
0.781825
0.298663
0.581386
0.831504
0.942924
0.205622
0.288505
0.134239
0.305459
0.057555
0.812889
0.998859
0.274443
0.956266
0.886538
0.342925
0.575277
0.964038
0.285093
0.139199
0.6117
0.79287
0.24688
0.793505
0.154085
0.763855
0.981326
0.62885
0.44321
0.743251
0.0738707
0.16566
0.98996
0.533036
0.809531
0.684847
0.715404
0.932916
0.26723
0.0862427
0.426175
0.605243
0.0981916
0.851045
0.0220742
0.275512
0.422827
0.930304
0.390496
0.707593
0.810556
0.287858
0.0994187
0.547664
0.662313
0.151798
0.449875
0.360033
0.615503
0.137822
0.968086
0.189899
0.544364
0.197656
0.0919384
0.211286
0.0234353
0.18609
0.168087
0.527477
0.593982
0.164525
0.625746
0.643803
0.121153
0.516197
0.317982
0.716956
0.757205
0.0559113
0.791728
0.653694
0.228498
0.964301
0.417279
0.4671
0.951161
0.417588
0.38951
0.340334
0.0522278
0.189517
0.998112
0.545799
0.352852
0.740936
0.852688
0.297096
0.236704
0.206813
0.772163
0.448095
0.585687
0.0412061
0.0247053
0.119548
0.419477
0.218034
0.880248
0.277384
0.384515
0.46389
0.83836
0.416397
0.129575
0.0572629
0.590624
0.649492
0.840493
0.354043
0.774464
0.443901
0.230502
0.537718
0.934847
0.584756
0.162885
0.951734
0.201828
0.0439389
0.398483
0.21912
0.821541
0.222927
0.984655
0.598404
0.588683
0.751436
0.195747
0.0108426
0.836392
0.405812
0.657925
0.134776
0.217921
0.94022
0.0748037
0.58317
0.635685
0.876904
0.972504
0.606228
0.168021
0.53343
0.0809197
0.808582
0.23424
0.881208
0.975912
0.361425
0.508854
0.697435
0.34588
0.0904288
0.610124
0.986755
0.667821
0.301395
0.869998
0.675378
0.538838
0.862889
0.0478081
0.864474
0.203119
0.13861
0.492735
0.198763
0.537922
0.549075
0.432447
0.27887
0.29353
0.101669
0.626772
0.205547
0.526053
0.00432471
0.860169
0.45044
0.2008
0.746213
0.923691
0.270676
0.799211
0.753859
0.864265
0.621457
0.749818
0.311505
0.542689
0.914057
0.986391
0.319663
0.959002
0.170455
0.181528
0.129367
0.635127
0.566776
0.411395
0.898744
0.983789
0.796058
0.587605
0.559721
0.392737
0.0620272
0.791413
0.789727
0.796287
0.545101
0.831349
0.525317
0.155158
0.268243
0.81367
0.272126
0.568829
0.133686
0.42938
0.326965
0.500205
0.160431
0.303558
0.213553
0.137587
0.0638308
0.733844
0.052996
0.503844
0.220612
0.897667
0.988132
0.567519
0.52904
0.387621
0.509445
0.794487
0.16252
0.524016
0.588819
0.396559
0.587602
0.277695
0.439109
0.81777
0.638263
0.450224
0.242548
0.258999
0.745345
0.190174
0.891253
0.387278
0.803415
0.371841
0.396278
0.248114
0.359928
0.488363
0.140442
0.655569
0.240287
0.809304
0.17668
0.243722
0.347868
0.919009
0.283095
0.856927
0.526174
0.175613
0.15592
0.213844
0.274782
0.724327
0.919696
0.698357
0.182934
0.679404
0.462338
0.957646
0.306486
0.298756
0.251017
0.424644
0.011945
0.290126
0.874884
0.358744
0.506315
0.946978
0.371357
0.765057
0.0459446
0.481002
0.827197
0.715626
0.76695
0.851602
0.808965
0.695447
0.87566
0.926304
0.608933
0.232538
0.98711
0.912721
0.478755
0.658742
0.812267
0.941876
0.156812
0.303745
0.952517
0.0531448
0.368974
0.75843
0.0605686
0.0469793
0.0701542
0.34059
0.507346
0.619011
0.393447
0.778576
0.983273
0.784339
0.513258
0.330828
0.270431
0.621981
0.581858
0.70052
0.161558
0.108424
0.220384
0.741451
0.428143
0.286395
0.221258
0.403536
0.821594
0.318304
0.00167882
0.990172
0.566016
0.067472
0.981046
0.505688
0.0957071
0.486702
0.694087
0.892558
0.458927
0.51181
0.783031
0.493827
0.756259
0.0135213
0.738492
0.396112
0.798687
0.393202
0.696621
0.314771
0.707411
0.246837
0.312866
0.3655
0.219744
0.799529
0.61134
0.134674
0.595589
0.0267434
0.324302
0.675533
0.414713
0.941011
0.714845
0.384161
0.229081
0.333831
0.247963
0.506507
0.697343
0.420288
0.840822
0.251832
0.371816
0.12008
0.143033
0.127905
0.870862
0.768403
0.827705
0.438512
0.672958
0.647723
0.370142
0.828553
0.47744
0.587868
0.902536
0.115393
0.976554
0.269632
0.999414
0.931315
0.255672
0.889969
0.277177
0.626693
0.111937
0.83092
0.442154
0.971552
0.725826
0.498904
0.0525402
0.912886
0.641473
0.825744
0.715382
0.871775
0.715781
0.852711
0.156412
0.701689
0.560456
0.631067
0.908246
0.407322
0.309533
0.401285
0.273609
0.225474
0.698114
0.684317
0.810515
0.532353
0.557133
0.618242
0.348691
0.936588
0.852736
0.470448
0.728089
0.970078
0.905162
0.379473
0.853439
0.930336
0.291759
0.0385707
0.437082
0.484736
0.715614
0.500733
0.245383
0.452753
0.931893
0.735171
0.672423
0.909444
0.412391
0.762566
0.95627
0.725759
0.954143
0.985176
0.285087
0.66883
0.975949
0.526182
0.302336
0.900445
0.222438
0.997768
0.380492
0.999575
0.866504
0.275448
0.42695
0.649386
0.650359
0.285008
0.654039
0.4431
0.458259
0.974141
0.782971
0.919457
0.219927
0.922161
0.0745974
0.347763
0.577225
0.946297
0.377632
0.317778
0.986264
0.0302168
0.0414999
0.224058
0.958932
0.891999
0.44757
0.481337
0.195564
0.498641
0.233018
0.499572
0.8117
0.986874
0.749788
0.808477
0.787504
0.993039
0.211584
0.867202
0.211973
0.64971
0.412914
0.248602
0.236564
0.570595
0.273201
0.253456
0.30135
0.0165964
0.701824
0.0553917
0.404124
0.666898
0.75678
0.628426
0.478704
0.769045
0.445471
0.875383
0.69623
0.135803
0.750183
0.0577937
0.562981
0.353161
0.567069
0.603536
0.287179
0.871001
0.143513
0.311623
0.0392868
0.798223
0.617412
0.150852
0.957765
0.653364
0.594473
0.343596
0.145352
0.0448495
0.623002
0.162354
0.963338
0.0160392
0.41482
0.236937
0.46789
0.589477
0.253433
0.739285
0.671433
0.601066
0.977954
0.789294
0.783361
0.558549
0.285737
0.0763039
0.942253
0.988918
0.119537
0.868945
0.375198
0.591437
0.256247
0.231027
0.423226
0.54876
0.374929
0.150163
0.230061
0.550625
0.987277
0.406286
0.672563
0.925704
0.436015
0.880796
0.97525
0.26603
0.650055
0.278549
0.482918
0.311723
0.203872
0.0309503
0.350914
0.396922
0.861742
0.474489
0.785841
0.353095
0.891023
0.308295
0.982138
0.00963289
0.553126
0.235956
0.680586
0.972829
0.495488
0.74933
0.74696
0.521806
0.263004
0.18903
0.663217
0.527203
0.887288
0.865826
0.517249
0.203336
0.984056
0.881788
0.483546
0.430765
0.265609
0.224724
0.298379
0.399282
0.125049
0.167039
0.232978
0.952773
0.402533
0.445627
0.562426
0.964521
0.0389999
0.408177
0.803343
0.890218
0.216205
0.828854
0.165241
0.00706938
0.974488
0.934265
0.66834
0.232375
0.945548
0.105839
0.873944
0.483042
0.0763645
0.563457
0.168691
0.586232
0.760033
0.46515
0.478828
0.852459
0.593625
0.588512
0.612246
0.483246
0.414506
0.599244
0.928623
0.18778
0.917955
0.302307
0.903478
0.990939
0.550102
0.418698
0.00883212
0.561933
0.0261008
0.276464
0.436473
0.528114
0.461656
0.178138
0.456931
0.126737
0.339446
0.138787
0.264702
0.479442
0.66302
0.874259
0.073856
0.818211
0.0263237
0.630994
0.462824
0.0342933
0.0864572
0.754618
0.213479
0.233438
0.842411
0.547537
0.150201
0.0892095
0.145572
0.582733
0.765775
0.367148
0.0709452
0.75878
0.950074
0.837863
0.87587
0.579009
0.160454
0.825986
0.40685
0.338137
0.391599
0.682343
0.917789
0.349555
0.734169
0.322777
0.332081
0.85927
0.567129
0.0236021
0.195469
0.725894
0.705814
0.674887
0.250913
0.310907
0.0480394
0.0272324
0.0296458
0.714224
0.647272
0.0921796
0.830739
0.646751
0.784059
0.209062
0.112903
0.803132
0.381309
0.53721
0.429927
0.603634
0.592922
0.582813
0.8568
0.216366
0.646722
0.946741
0.322708
0.3282
0.186364
0.475235
0.699689
0.398164
0.404268
0.149129
0.0973936
0.830636
0.371982
0.66815
0.0146824
0.029062
0.990593
0.625798
0.389915
0.500887
0.891016
0.898525
0.271801
0.762285
0.402968
0.302327
0.554666
0.188546
0.95312
0.330968
0.307435
0.627851
0.759381
0.236
0.820481
0.903776
0.0136627
0.575945
0.470934
0.831723
0.811507
0.766844
0.765973
0.974772
0.791382
0.147125
0.689386
0.397405
0.49479
0.804628
0.248512
0.008665
0.889509
0.80248
0.790282
0.699229
0.98165
0.539152
0.0904282
0.745799
0.330299
0.126315
0.80012
0.294334
0.070549
0.477492
0.887464
0.113939
0.687742
0.645851
0.0989342
0.138058
0.277833
0.0955329
0.324445
0.00117829
0.978972
0.375435
0.489472
0.217396
0.198769
0.209845
0.357547
0.839648
0.210986
0.819518
0.0597986
0.0648958
0.957021
0.924737
0.560725
0.861566
0.19553
0.22204
0.516034
0.445819
0.692759
0.380554
0.393576
0.184442
0.811946
0.800152
0.398862
0.563893
0.576409
0.365713
0.0714362
0.398633
0.985899
0.234781
0.334388
0.599258
0.537019
0.512739
0.064986
0.612772
0.291134
0.464164
0.345262
0.353422
0.825193
0.519977
0.662541
0.927261
0.270635
0.94259
0.961958
0.40135
0.440096
0.53813
0.937829
0.289675
0.750897
0.139045
0.8755
0.886254
0.543522
0.404032
0.372122
0.817915
0.742416
0.712479
0.488815
0.121986
0.297885
0.896373
0.159394
0.657695
0.14484
0.962512
0.299435
0.376941
0.712917
0.271349
0.657815
0.0684021
0.672429
0.704201
0.357401
0.790967
0.563424
0.400264
0.623064
0.718485
0.602406
0.421337
0.214805
0.108722
0.061744
0.528951
0.687023
0.871446
0.0191598
0.0112114
0.969465
0.314765
0.410811
0.460302
0.964567
0.475321
0.624747
0.966632
0.727511
0.131464
0.662669
0.310624
0.0768527
0.956095
0.175246
0.0412009
0.326757
0.297223
0.866567
0.198516
0.201921
0.104211
0.208906
0.0707354
0.324387
0.637898
0.459811
0.620598
0.910775
0.717385
0.720996
0.458704
0.731951
0.573304
0.278886
0.442515
0.914112
0.361679
0.929565
0.325093
0.300896
0.498948
0.85898
0.981954
0.18785
0.814727
0.803768
0.679081
0.523439
0.242515
0.823711
0.273491
0.338574
0.803539
0.727766
0.290499
0.821355
0.266057
0.527305
0.614147
0.529655
0.740751
0.308432
0.994941
0.171381
0.410412
0.019509
0.565832
0.10499
0.748672
0.701635
0.512894
0.98511
0.213655
0.178427
0.388212
0.150716
0.461287
0.884541
0.525327
0.677231
0.867595
0.141879
0.541823
0.835428
0.49126
0.209721
0.938739
0.383318
0.437352
0.511616
0.463849
0.59617
0.768364
0.429644
0.167718
0.257056
0.574505
0.201401
0.639886
0.092298
0.0348568
0.97803
0.550563
0.624998
0.391617
0.202334
0.811066
0.522384
0.893272
0.484339
0.519469
0.767331
0.972163
0.829771
0.519502
0.976754
0.650356
0.780873
0.882375
0.182735
0.419755
0.676915
0.613528
0.770627
0.191767
0.164098
0.654082
0.984807
0.0661579
0.919904
0.889991
0.601753
0.654651
0.845021
0.0824121
0.622704
0.203755
0.466367
0.829638
0.764174
0.827569
0.476468
0.752555
0.976799
0.43757
0.514956
0.557111
0.0863243
0.119609
0.335367
0.104363
0.916141
0.204607
0.941984
0.347274
0.272504
0.0434398
0.767658
0.514138
0.765004
0.25366
0.650378
0.710168
0.503341
0.00997826
0.363799
0.118732
0.159559
0.649119
0.916855
0.769839
0.619872
0.0490322
0.507984
0.578058
0.850772
0.00089058
0.557876
0.629978
0.106706
0.709598
0.038852
0.703159
0.488143
0.592186
0.706472
0.254798
0.806522
0.240345
0.700138
0.361705
0.240379
0.245614
0.295582
0.0894112
0.0384466
0.0642035
0.53935
0.915837
0.628466
0.73015
0.467968
0.316749
0.115264
0.238575
0.801276
0.276599
0.868316
0.222279
0.642202
0.495574
0.830908
0.352515
0.648993
0.151287
0.779505
0.936408
0.781293
0.365854
0.140545
0.698513
0.829888
0.141387
0.512471
0.558314
0.45775
0.13752
0.749963
0.0119971
0.795161
0.659253
0.329609
0.782126
0.311571
0.641725
0.832436
0.272121
0.252557
0.882385
0.0782264
0.985319
0.479762
0.757889
0.232984
0.665905
0.155763
0.509776
0.337069
0.755607
0.131159
0.0683589
0.062678
0.0825569
0.133828
0.0326092
0.300818
0.665879
0.126322
0.671417
0.21048
0.770107
0.686488
0.988202
0.0249513
0.854462
0.987175
0.694955
0.664888
0.344894
0.107676
0.310761
0.476061
0.330978
0.16921
0.225117
0.324922
0.382684
0.107939
0.551485
0.224274
0.524292
0.0804958
0.980322
0.123351
0.282717
0.0681144
0.384875
0.871605
0.658908
0.4292
0.0921703
0.938753
0.865667
0.363351
0.62149
0.259489
0.726215
0.651306
0.473332
0.0426906
0.565518
0.741314
0.715414
0.508846
0.100794
0.862417
0.0380183
0.218522
0.698466
0.204147
0.855374
0.287086
0.813421
0.200045
0.92557
0.940011
0.23574
0.779558
0.606161
0.268603
0.313997
0.637514
0.178533
0.877518
0.617905
0.176954
0.0569754
0.529945
0.566817
0.846192
0.794942
0.173189
0.665603
0.557184
0.946883
0.672511
0.170886
0.657721
0.432375
0.665044
0.880574
0.508698
0.95033
0.639897
0.493926
0.549576
0.244606
0.839665
0.0177027
0.639598
0.802809
0.396164
0.978135
0.127008
0.846861
0.52207
0.834009
0.170733
0.672798
0.068016
0.428713
0.65356
0.560226
0.645308
0.139414
0.83048
0.496585
0.33234
0.110709
0.314431
0.448023
0.721789
0.979575
0.815192
0.453219
0.181654
0.126648
0.199833
0.663874
0.939658
0.819363
0.72511
0.859073
0.754785
0.0390207
0.171885
0.556974
0.875909
0.362039
0.378259
0.682585
0.126603
0.451216
0.264705
0.979641
0.44269
0.00882946
0.0825896
0.146957
0.883485
0.539197
0.78796
0.876394
0.567631
0.724581
0.598864
0.73346
0.874837
0.545254
0.0822504
0.854221
0.534204
0.209605
0.966796
0.641734
0.233853
0.606283
0.246913
0.105129
0.196867
0.456726
0.947221
0.543535
0.869878
0.19661
0.763525
0.739218
0.881764
0.901742
0.358257
0.231544
0.477618
0.0861368
0.613447
0.901503
0.641968
0.755179
0.479495
0.187887
0.338586
0.661356
0.77309
0.36181
0.542766
0.585814
0.898737
0.769873
0.602688
0.184445
0.632624
0.360432
0.923138
0.415814
0.435076
0.697542
0.0396949
0.932978
0.520638
0.0154323
0.770895
0.337241
0.523895
0.0328045
0.991601
0.941168
0.885099
0.356728
0.42825
0.0665761
0.546719
0.0792461
0.160641
0.522804
0.0453124
0.736352
0.174258
0.546123
0.707855
0.0650914
0.327654
0.236066
0.846636
0.79517
0.705581
0.034625
0.956286
0.399842
0.27786
0.887052
0.427293
0.806683
0.292666
0.357528
0.313426
0.586914
0.337239
0.344378
0.750959
0.414361
0.689084
0.719093
0.199788
0.61425
0.426202
0.222263
0.864204
0.890302
0.394885
0.362337
0.710169
0.21598
0.323896
0.57318
0.122409
0.428695
0.0347234
0.163295
0.602372
0.860425
0.32612
0.870641
0.0320732
0.98114
0.124441
0.277644
0.655083
0.841696
0.987441
0.28472
0.00851671
0.490115
0.348647
0.692237
0.12073
0.195066
0.251216
0.157408
0.957455
0.895982
0.944864
0.689093
0.985254
0.487063
0.592509
0.51941
0.854308
0.870754
0.283518
0.825656
0.246851
0.733261
0.317251
0.931692
0.486958
0.972063
0.417542
0.61999
0.364485
0.748741
0.954429
0.956051
0.771942
0.0381198
0.290529
0.303905
0.0853582
0.849766
0.570815
0.388892
0.734866
0.989218
0.0574901
0.633344
0.490436
0.743442
0.787356
0.597137
0.376584
0.0210121
0.0166037
0.684463
0.0249877
0.0329503
0.0259553
0.260392
0.234258
0.955763
0.863683
0.246976
0.786694
0.123913
0.122741
0.256919
0.538233
0.786512
0.360864
0.815339
0.857848
0.119497
0.687327
0.4407
0.649275
0.402838
0.702776
0.426543
0.799508
0.353444
0.281697
0.00727028
0.492923
0.569216
0.483088
0.472843
0.941594
0.436433
0.566686
0.456196
0.776041
0.0335376
0.24816
0.253986
0.474849
0.375981
0.691961
0.20832
0.938918
0.584279
0.270447
0.0357638
0.179568
0.367912
0.794852
0.03171
0.344695
0.712129
0.527814
0.663963
0.234756
0.79271
0.307131
0.963337
0.478465
0.704775
0.910767
0.345205
0.771705
0.265268
0.744095
0.142045
0.989167
0.974207
0.181043
0.113669
0.962156
0.300948
0.568691
0.286206
0.647857
0.701341
0.828752
0.287425
0.350513
0.0677199
0.832406
0.646277
0.980374
0.400147
0.40817
0.216354
0.555225
0.342057
0.658187
0.0907184
0.403698
0.0317838
0.515035
0.504499
0.672345
0.892307
0.987471
0.960502
0.449509
0.615575
0.356796
0.604459
0.732505
0.208642
0.14202
0.786279
0.905766
0.108967
0.398193
0.0188252
0.653227
0.928015
0.498854
0.503696
0.841076
0.771697
0.0778124
0.881026
0.791482
0.482677
0.245393
0.51834
0.693398
0.510574
0.892888
0.756064
0.538883
0.659934
0.966132
0.902368
0.731709
0.0968827
0.755799
0.0977134
0.61121
0.433551
0.958576
0.154027
0.190106
0.113827
0.940716
0.727695
0.659474
0.350456
0.171539
0.177376
0.388562
0.388366
0.530344
0.849474
0.776258
0.684784
0.282088
0.684114
0.471954
0.882407
0.00328337
0.440404
0.230536
0.839105
0.0805536
0.933514
0.551313
0.947435
0.952401
0.308925
0.536044
0.0324073
0.901444
0.755985
0.480687
0.792468
0.818102
0.102273
0.84351
0.341772
0.78163
0.0742147
0.295869
0.101291
0.91166
0.366786
0.881815
0.362093
0.500866
0.111874
0.354856
0.0385353
0.99768
0.751058
0.389821
0.400857
0.32872
0.156558
0.736411
0.219588
0.933028
0.525998
0.191678
0.97596
0.00259493
0.368696
0.954023
0.579346
0.135656
0.211529
0.540486
0.0772154
0.330306
0.0914385
0.933122
0.924775
0.98733
0.690806
0.668404
0.785241
0.747402
0.582111
0.578695
0.107905
0.368011
0.521199
0.258561
0.165309
0.973719
0.774648
0.602837
0.963168
0.0619024
0.448938
0.8938
0.245501
0.770263
0.976734
0.39589
0.414765
0.090459
0.618444
0.640008
0.824198
0.818873
0.0212224
0.487949
0.17985
0.287499
0.698943
0.0259186
0.366928
0.601625
0.528966
0.198788
0.290394
0.69152
0.85151
0.316653
0.0247676
0.977986
0.0374275
0.109451
0.407415
0.380337
0.145211
0.488018
0.0288473
0.373369
0.344906
0.0021818
0.3746
0.72679
0.34581
0.391865
0.636048
0.0955895
0.288853
0.18034
0.366589
0.981765
0.694897
0.417286
0.539149
0.947889
0.900214
0.866557
0.719405
0.192318
0.680552
0.941906
0.853187
0.628461
0.346674
0.476811
0.927227
0.935729
0.582737
0.307632
0.0975843
0.0212871
0.0786871
0.138773
0.807455
0.0329769
0.6309
0.967075
0.322787
0.114042
0.551089
0.498566
0.0998237
0.574545
0.749482
0.797803
0.284321
0.593155
0.433977
0.596409
0.631817
0.56076
0.441695
0.213668
0.367975
0.309875
0.122161
0.73497
0.0882879
0.192115
0.688547
0.993378
0.699671
0.227766
0.0329952
0.64102
0.439525
0.565257
0.891213
0.94963
0.897456
0.197928
0.501252
0.225902
0.0795108
0.0244554
0.495184
0.473503
0.0781225
0.348558
0.897449
0.174152
0.430803
0.256848
0.823149
0.618915
0.366544
0.860913
0.522078
0.325274
0.303865
0.745924
0.245585
0.0538951
0.638951
0.857431
0.195918
0.923947
0.31878
0.0526792
0.729103
0.268206
0.0761786
0.470974
0.634641
0.142059
0.990216
0.771568
0.545105
0.370948
0.677262
0.68111
0.373148
0.365897
0.358642
0.284021
0.0518297
0.226528
0.676994
0.2734
0.767985
0.455268
0.556927
0.818962
0.400721
0.249299
0.0365927
0.705215
0.976569
0.88727
0.429279
0.198222
0.811084
0.099804
0.429117
0.0264024
0.425059
0.668948
0.28188
0.942626
0.389403
0.289173
0.737301
0.702614
0.0387079
0.274135
0.824781
0.214406
0.157273
0.133797
0.687235
0.282323
0.295313
0.932355
0.684763
0.764391
0.984685
0.61487
0.364809
0.307528
0.0998098
0.15581
0.203383
0.0286346
0.0552236
0.947815
0.80062
0.405842
0.165684
0.937741
0.403327
0.475527
0.368515
0.39031
0.237735
0.75266
0.577283
0.356121
0.254306
0.351095
0.248488
0.193111
0.125953
0.203551
0.415996
0.317284
0.7605
0.799746
0.0743829
0.291711
0.234831
0.455043
0.581149
0.22406
0.730318
0.193757
0.87265
0.348979
0.251274
0.059046
0.310048
0.166936
0.651283
0.535357
0.0137371
0.41601
0.684386
0.36798
0.562423
0.296595
0.398239
0.222197
0.519078
0.79244
0.78549
0.223709
0.61424
0.958113
0.159351
0.718085
0.543755
0.318937
0.0660254
0.513386
0.157895
0.579708
0.652318
0.564784
0.795506
0.840631
0.251814
0.846169
0.957553
0.159055
0.988125
0.73634
0.975015
0.393629
0.191845
0.864527
0.538635
0.166915
0.914652
0.0614143
0.607156
0.734094
0.447371
0.403787
0.4578
0.683767
0.60072
0.0226274
0.640847
0.704317
0.962177
0.0549326
0.215197
0.416247
0.496947
0.593706
0.940942
0.954289
0.889693
0.0361255
0.532906
0.755015
0.687362
0.876499
0.980799
0.557691
0.897198
0.124976
0.375648
0.929176
0.139912
0.100124
0.965202
0.753862
0.834951
0.0806231
0.125978
0.771391
0.719435
0.825982
0.620111
0.632479
0.632393
0.0630599
0.334644
0.962703
0.268814
0.0907192
0.334106
0.75316
0.81975
0.935449
0.320947
0.827314
0.135551
0.10175
0.150357
0.874197
0.605809
0.703032
0.946172
0.554601
0.317949
0.56287
0.973821
0.135367
0.461366
0.226952
0.373293
0.727662
0.609574
0.0141085
0.309694
0.508446
0.893723
0.416725
0.648772
0.449971
0.355681
0.666579
0.408219
0.889537
0.608012
0.403924
0.290768
0.379682
0.631765
0.50289
0.117943
0.633303
0.333816
0.673341
0.292613
0.858112
0.817194
0.359691
0.123404
0.819792
0.727756
0.0196194
0.195593
0.647906
0.440743
0.00705072
0.799731
0.996281
0.787039
0.57096
0.557673
0.432215
0.844568
0.155352
0.359637
0.0531284
0.61877
0.36015
0.955
0.968705
0.0544068
0.718753
0.993756
0.51387
0.0689062
0.471225
0.0202466
0.45145
0.154436
0.335932
0.804427
0.932758
0.443723
0.825105
0.46278
0.0446976
0.318931
0.759372
0.911646
0.283054
0.762867
0.439615
0.414363
0.740096
0.467362
0.47125
0.0903195
0.536211
0.75367
0.544257
0.364554
0.822691
0.228554
0.466822
0.387733
0.599
0.269356
0.638636
0.216082
0.22698
0.731763
0.0982302
0.174043
0.602478
0.79339
0.337439
0.970457
0.193145
0.0662932
0.475189
0.702357
0.439196
0.0581306
0.364122
0.451651
0.0283433
0.275952
0.921826
0.512298
0.581713
0.340489
0.395729
0.584871
0.19601
0.241733
0.169054
0.381503
0.066645
0.721533
0.350554
0.258805
0.34649
0.98896
0.888841
0.889866
0.409485
0.0785696
0.625591
0.0919436
0.180725
0.793476
0.440828
0.512123
0.33226
0.450402
0.277655
0.0239116
0.239171
0.72184
0.774736
0.701945
0.75549
0.510024
0.698927
0.763264
0.420516
0.267174
0.206179
0.0765942
0.716674
0.601085
0.974278
0.5745
0.765362
0.820543
0.375878
0.572903
0.19141
0.773791
0.914891
0.377799
0.892525
0.649133
0.934677
0.782219
0.303131
0.363677
0.564879
0.0769904
0.583735
0.955694
0.962001
0.907832
0.791778
0.903025
0.545163
0.848796
0.0728438
0.777823
0.248731
0.929067
0.336842
0.621229
0.967158
0.385732
0.133818
0.0875616
0.502203
0.148969
0.175035
0.231074
0.67923
0.881278
0.968512
0.962401
0.408934
0.44611
0.918442
0.233482
0.61905
0.557045
0.826517
0.239107
0.191422
0.731763
0.296485
0.359047
0.365182
0.276623
0.161884
0.330847
0.901467
0.244268
0.085883
0.538167
0.238388
0.913396
0.468741
0.0985859
0.819349
0.481359
0.0381189
0.773953
0.102628
0.561496
0.779624
0.313746
0.54904
0.55204
0.368539
0.816896
0.0976544
0.607802
0.649073
0.608637
0.858245
0.943307
0.146412
0.985888
0.00129799
0.853221
0.368224
0.815299
0.21162
0.734736
0.329209
0.0170435
0.384721
0.605404
0.944528
0.0187222
0.283194
0.0971098
0.832702
0.646439
0.849589
0.723978
0.944813
0.305074
0.959634
0.816001
0.681476
0.117498
0.202876
0.38954
0.65748
0.525374
0.725806
0.685628
0.180004
0.607383
0.704376
0.590803
0.382015
0.314686
0.430459
0.0158347
0.837334
0.897338
0.260665
0.100884
0.695519
0.877983
0.154527
0.30016
0.527524
0.700353
0.675359
0.751902
0.889389
0.874703
0.134546
0.960717
0.572329
0.710923
0.706535
0.707318
0.913844
0.13963
0.0957844
0.748625
0.780276
0.801339
0.362736
0.252098
0.619057
0.905258
0.165655
0.00683636
0.381516
0.531976
0.897256
0.498164
0.764396
0.869152
0.38314
0.318367
0.88265
0.688521
0.367946
0.651895
0.102689
0.936116
0.414792
0.0631293
0.865338
0.78881
0.00623497
0.369276
0.138568
0.753081
0.879463
0.737604
0.723075
0.94595
0.495663
0.600706
0.535179
0.151109
0.688723
0.595214
0.11304
0.486395
0.335335
0.603023
0.243869
0.749594
0.0376292
0.170045
0.55139
0.542897
0.199269
0.870134
0.812057
0.568326
0.139298
0.757027
0.533062
0.487446
0.730903
0.784375
0.0401512
0.437852
0.950544
0.919791
0.643989
0.598817
0.536767
0.151052
0.895073
0.593036
0.218429
0.671451
0.761436
0.220501
0.822552
0.557785
0.702258
0.531563
0.862289
0.0578492
0.885376
0.0200848
0.462549
0.211234
0.3839
0.515497
0.761763
0.353103
0.814462
0.977946
0.594819
0.951834
0.984718
0.763477
0.264688
0.351538
0.262819
0.970674
0.347168
0.452454
0.282456
0.424507
0.643545
0.109453
0.15006
0.171862
0.078492
0.963155
0.371719
0.933989
0.754155
0.833588
0.769658
0.67347
0.247836
0.0897385
0.598161
0.100239
0.325135
0.0561311
0.744704
0.643609
0.366675
0.154978
0.918359
0.51163
0.226739
0.858239
0.681194
0.615076
0.638037
0.808406
0.636851
0.447555
0.527174
0.614802
0.151958
0.620432
0.396622
0.0473208
0.330083
0.603386
0.672451
0.290783
0.577645
0.217485
0.722441
0.318034
0.3417
0.53587
0.388683
0.741602
0.977191
0.223886
0.0520046
0.601984
0.955967
0.599949
0.202593
0.476782
0.223012
0.121702
0.0423652
0.319682
0.805157
0.771019
0.965421
0.935328
0.379754
0.658184
0.906335
0.708301
0.0632173
0.453107
0.24898
0.157639
0.804903
0.587622
0.989137
0.248397
0.621453
0.357011
0.823287
0.325374
0.202608
0.296136
0.441568
0.697048
0.482422
0.474661
0.966677
0.423033
0.692668
0.334892
0.435122
0.606245
0.739427
0.100101
0.859453
0.931445
0.208913
0.918854
0.944903
0.916441
0.386804
0.935093
0.590982
0.931795
0.74193
0.66317
0.391238
0.601222
0.143503
0.753577
0.700907
0.0171599
0.204098
0.136442
0.28545
0.708132
0.293211
0.18815
0.679438
0.821974
0.662343
0.831911
0.155555
0.978124
0.325918
0.716347
0.146775
0.60504
0.60522
0.200371
0.045854
0.41976
0.204152
0.296721
0.672568
0.82269
0.0294899
0.545489
0.646636
0.770613
0.514996
0.0143148
0.931713
0.0724981
0.404135
0.826959
0.209285
0.78886
0.329951
0.574095
0.826831
0.1163
0.1042
0.178278
0.499019
0.106064
0.910531
0.0499895
0.518576
0.56462
0.00910424
0.748744
0.899682
0.644896
0.616332
0.896201
0.380287
0.817929
0.931112
0.618365
0.0154363
0.159745
0.67668
0.847625
0.104396
0.603434
0.731289
0.420629
0.0750647
0.153257
0.837924
0.133098
0.257659
0.186259
0.0369309
0.742017
0.682781
0.972908
0.0154802
0.889855
0.532729
0.497816
0.637309
0.726161
0.0109885
0.719636
0.520787
0.554793
0.781839
0.830305
0.274334
0.372033
0.386972
0.733904
0.276338
0.285049
0.205411
0.258082
0.760686
0.947904
0.185821
0.873199
0.240175
0.268075
0.426578
0.715555
0.051776
0.609588
0.689162
0.363345
0.803519
0.231354
0.913889
0.691979
0.682026
0.0256576
0.0880195
0.852526
0.950175
0.383305
0.797249
0.475407
0.797962
0.654349
0.0426226
0.420603
0.757297
0.223252
0.510091
0.412709
0.675651
0.0571924
0.279075
0.36845
0.0536635
0.644097
0.977481
0.770477
0.553703
0.976151
0.336833
0.0179792
0.391694
0.449282
0.798244
0.899236
0.104309
0.663412
0.392012
0.455869
0.632023
0.767515
0.073714
0.723355
0.831143
0.104251
0.209738
0.555888
0.205836
0.963591
0.364136
0.493557
0.648897
0.166531
0.573056
0.074911
0.414923
0.821911
0.111426
0.59808
0.0295931
0.268965
0.00687171
0.986736
0.984352
0.348203
0.479379
0.337986
0.040602
0.826471
0.512358
0.248295
0.382844
0.962792
0.606254
0.609428
0.60196
0.640307
0.440374
0.803324
0.896827
0.714472
0.987981
0.825767
0.494099
0.633233
0.738359
0.938457
0.694477
0.620789
0.990706
0.968524
0.213093
0.513746
0.152405
0.527932
0.622704
0.220362
0.528787
0.398286
0.672428
0.00534122
0.721986
0.260189
0.297972
0.365952
0.605615
0.313325
0.428137
0.489855
0.168856
0.206134
0.732763
0.761013
0.631162
0.824178
0.787926
0.370757
0.722125
0.76077
0.523087
0.943566
0.576349
0.145166
0.32926
0.279552
0.440245
0.863368
0.18231
0.0484115
0.497214
0.886863
0.469932
0.830091
0.864142
0.653254
0.271274
0.25478
0.0227434
0.585812
0.42403
0.67239
0.977483
0.591056
0.395707
0.59403
0.369861
0.556969
0.199626
0.932239
0.185282
0.464627
0.725243
0.181046
0.112941
0.764785
0.486135
0.0256429
0.456883
0.710975
0.319357
0.434564
0.66945
0.697792
0.660062
0.510201
0.178735
0.933616
0.944278
0.164448
0.847388
0.769926
0.308671
0.471187
0.698997
0.941577
0.625715
0.0467081
0.954026
0.828312
0.0474108
0.959599
0.789687
0.183776
0.883133
0.270948
0.486743
0.508436
0.208514
0.198176
0.528019
0.966581
0.760032
0.20282
0.380467
0.802623
0.473793
0.163698
0.671019
0.413711
0.878738
0.92472
0.173002
0.158851
0.522356
0.236799
0.773462
0.860602
0.184079
0.598341
0.763686
0.611353
0.448281
0.635944
0.366309
0.864686
0.419086
0.987945
0.106854
0.217711
0.0288321
0.0601849
0.423628
0.181488
0.699451
0.279145
0.147194
0.356699
0.898451
0.522242
0.840012
0.483444
0.463281
0.595917
0.373385
0.158372
0.0954541
0.141028
0.553118
0.674803
0.389319
0.161893
0.96414
0.63793
0.055806
0.343726
0.382936
0.044626
0.113548
0.127683
0.194354
0.512079
0.553051
0.389452
0.787718
0.894303
0.453422
0.345678
0.698435
0.321733
0.978883
0.218752
0.293379
0.628025
0.142289
0.0908415
0.340549
0.442163
0.843977
0.745013
0.841548
0.271063
0.675598
0.0947767
0.945772
0.60008
0.190965
0.95569
0.627832
0.586092
0.321159
0.954352
0.434855
0.466193
0.720306
0.090083
0.317464
0.718518
0.662646
0.178166
0.841251
0.066932
0.409259
0.62647
0.317531
0.581384
0.557333
0.420765
0.890309
0.118635
0.207105
0.537383
0.4153
0.532241
0.862564
0.889356
0.571134
0.15735
0.0894755
0.940042
0.341666
0.0860672
0.506002
0.169097
0.646141
0.46164
0.65033
0.256933
0.920777
0.668996
0.110342
0.22094
0.136537
0.773803
0.149286
0.835532
0.490247
0.547533
0.165076
0.236559
0.952146
0.422434
0.559355
0.0645598
0.437301
0.535373
0.825372
0.202433
0.986271
0.718347
0.651929
0.755247
0.629943
0.228569
0.208463
0.0288412
0.438121
0.151774
0.0495039
0.338005
0.0296338
0.0320638
0.36168
0.179564
0.606725
0.565335
0.210629
0.496313
0.805656
0.687546
0.0706042
0.0919373
0.751671
0.765349
0.340716
0.804572
0.967851
0.595404
0.456374
0.586797
0.434411
0.287193
0.810951
0.685948
0.860817
0.138569
0.944534
0.578105
0.103283
0.212815
0.745802
0.117333
0.294328
0.548188
0.451714
0.00346323
0.251975
0.0626471
0.567936
0.50282
0.235639
0.340471
0.997729
0.179085
0.917517
0.692877
0.691288
0.293151
0.596354
0.55453
0.836579
0.204482
0.80463
0.683297
0.710228
0.435696
0.604526
0.399687
0.156254
0.729929
0.29631
0.113683
0.697318
0.894557
0.770769
0.0608336
0.0503129
0.303024
0.543615
0.348868
0.733813
0.522889
0.0195848
0.859717
0.877037
0.211447
0.970441
0.864369
0.624291
0.567303
0.773063
0.861716
0.564156
0.27146
0.769653
0.722396
0.664335
0.400507
0.671069
0.030937
0.655542
0.605889
0.78878
0.606507
0.683369
0.388607
0.365741
0.188575
0.90843
0.788872
0.610519
0.960302
0.775496
0.836949
0.514386
0.692101
0.656831
0.917451
0.46083
0.764155
0.519467
0.00977015
0.40021
0.822409
0.313436
0.25234
0.130621
0.927199
0.748302
0.714208
0.851565
0.94652
0.592691
0.350172
0.289324
0.384789
0.735322
0.865692
0.453239
0.851396
0.217953
0.732252
0.420936
0.838047
0.376861
0.427144
0.864281
0.169562
0.736438
0.419827
0.777229
0.811291
0.904273
0.535205
0.0949282
0.854202
0.916014
0.433392
0.520101
0.381285
0.427271
0.6993
0.642141
0.113717
0.191003
0.0431312
0.853244
0.876673
0.835835
0.62665
0.469823
0.956621
0.458868
0.804098
0.227165
0.348567
0.62173
0.316188
0.0985461
0.242092
0.210443
0.752996
0.883557
0.418496
0.856335
0.444448
0.785756
0.87243
0.708455
0.368069
0.389498
0.738075
0.577803
0.0673688
0.520588
0.997488
0.896495
0.968084
0.836144
0.86388
0.237643
0.800684
0.00528779
0.79711
0.897858
0.429603
0.494809
0.42705
0.859821
0.635793
0.333743
0.289459
0.0228866
0.995356
0.124112
0.123157
0.384868
0.185645
0.572601
0.754884
0.362793
0.950899
0.0394812
0.065521
0.607161
0.471916
0.611605
0.799975
0.491236
0.206149
0.594677
0.61811
0.36997
0.628307
0.942255
0.321373
0.136542
0.328479
0.19718
0.862601
0.15693
0.48372
0.892999
0.543443
0.709161
0.698789
0.782659
0.620782
0.419569
0.230272
0.706656
0.714509
0.163195
0.129646
0.638844
0.805785
0.747452
0.530629
0.686858
0.127913
0.579533
0.174532
0.656176
0.610115
0.522596
0.142958
0.828787
0.337469
0.916465
0.615951
0.404584
0.628041
0.551852
0.202358
0.158294
0.846554
0.114818
0.663958
0.20379
0.134851
0.105133
0.758626
0.0608124
0.404198
0.556915
0.0804281
0.187656
0.877676
0.415565
0.371016
0.822537
0.969157
0.596266
0.874356
0.48245
0.965165
0.177089
0.505327
0.11095
0.618684
0.0211258
0.334762
0.135663
0.658287
0.409603
0.267382
0.177631
0.878366
0.515857
0.976687
0.581576
0.753991
0.343935
0.353463
0.529984
0.277406
0.275405
0.0660294
0.359619
0.789521
0.427142
0.113377
0.549437
0.109583
0.295123
0.33686
0.987571
0.775998
0.6346
0.719428
0.0592881
0.943769
0.553295
0.125928
0.660815
0.58095
0.534936
0.643577
0.862722
0.981246
0.155949
0.866279
0.123389
0.673262
0.877147
0.434124
0.202509
0.443482
0.045653
0.724427
0.801089
0.705929
0.767559
0.528594
0.240147
0.0972856
0.402769
0.573118
0.554683
0.263642
0.936078
0.00529153
0.430662
0.40908
0.938285
0.244855
0.748794
0.482487
0.135894
0.520816
0.250243
0.500723
0.324161
0.93174
0.747194
0.746228
0.834951
0.967673
0.147861
0.176206
0.042849
0.328465
0.40047
0.48668
0.109171
0.870293
0.270089
0.973764
0.447353
0.842342
0.611511
0.33337
0.334232
0.0987642
0.844453
0.252009
0.158928
0.34888
0.565757
0.23797
0.0726273
0.729422
0.855648
0.388002
0.591483
0.481707
0.702891
0.718124
0.624612
0.671467
0.0707056
0.513091
0.803599
0.925748
0.743403
0.521266
0.403492
0.845126
0.933099
0.0321144
0.966497
0.969398
0.0585636
0.404885
0.954912
0.0328619
0.436621
0.200868
0.0750468
0.175454
0.438386
0.995641
0.69297
0.339314
0.565598
0.961576
0.643991
0.494664
0.757897
0.034621
0.444499
0.271783
0.0396313
0.892606
0.0527355
0.995767
0.330783
0.424617
0.284642
0.024654
0.357935
0.654883
0.100953
0.835655
0.188782
0.499806
0.539567
0.597312
0.267051
0.199302
0.165134
0.370646
0.822628
0.671047
0.587188
0.19475
0.854717
0.333997
0.640665
0.136074
0.958381
0.0853797
0.998741
0.0124181
0.194394
0.257496
0.149166
0.48863
0.747084
0.646255
0.791664
0.248468
0.271616
0.308822
0.67838
0.419528
0.751534
0.15682
0.870804
0.121385
0.624386
0.948186
0.162469
0.200334
0.681743
0.605173
0.116887
0.203676
0.705059
0.59074
0.325128
0.722109
0.8225
0.601287
0.89771
0.31775
0.0459945
0.796657
0.860797
0.796552
0.478504
0.770538
0.0249567
0.846769
0.173285
0.773688
0.907087
0.205157
0.726633
0.886703
0.297004
0.35526
0.0647393
0.0705796
0.228005
0.380495
0.331911
0.0960837
0.112243
0.420453
0.900204
0.801352
0.411598
0.560918
0.0989592
0.818058
0.63501
0.161377
0.967966
0.283694
0.795375
0.603817
0.0732591
0.355564
0.331825
0.0643372
0.828244
0.931193
0.561684
0.419495
0.800982
0.823118
0.925498
0.642848
0.429702
0.222914
0.623948
0.920469
0.40658
0.269923
0.823183
0.17112
0.464066
0.588235
0.0834081
0.903839
0.63114
0.134775
0.302887
0.820706
0.771502
0.873793
0.975948
0.336494
0.999605
0.499742
0.316021
0.898746
0.305228
0.883839
0.305253
0.559773
0.78126
0.410647
0.692124
0.726722
0.548717
0.533986
0.998002
0.0519547
0.686317
0.120049
0.518317
0.423813
0.466784
0.288875
0.476144
0.798991
0.670896
0.370958
0.980513
0.704652
0.0942838
0.619655
0.418012
0.877819
0.875603
0.300002
0.588131
0.257943
0.0557832
0.062788
0.793603
0.678626
0.337128
0.28997
0.983341
0.0425471
0.475151
0.408635
0.987347
0.661944
0.863927
0.771475
0.187327
0.292282
0.396181
0.309956
0.101071
0.640585
0.61217
0.354168
0.770614
0.455789
0.122567
0.123178
0.440554
0.428716
0.468769
0.100621
0.576063
0.535285
0.724384
0.966535
0.761518
0.877137
0.084704
0.30527
0.428432
0.630336
0.908745
0.903121
0.375522
0.217672
0.854432
0.99736
0.867774
0.721419
0.481741
0.27198
0.178744
0.749334
0.419876
0.736509
0.736343
0.653717
0.245509
0.463353
0.184273
0.489473
0.465773
0.891379
0.324614
0.027247
0.738379
0.136022
0.545013
0.471301
0.386042
0.598814
0.608506
0.567802
0.21549
0.0405428
0.431091
0.560191
0.49106
0.662146
0.788976
0.0856387
0.911396
0.478323
0.041287
0.281682
0.443191
0.257096
0.39357
0.0623811
0.711396
0.0304802
0.15669
0.305481
0.420657
0.483964
0.121885
0.0103287
0.35524
0.453446
0.463286
0.396017
0.150969
0.14914
0.87021
0.868634
0.213972
0.708292
0.882462
0.165607
0.943466
0.0989506
0.685602
0.0955796
0.328184
0.171303
0.355732
0.635184
0.741227
0.579317
0.194338
0.518267
0.500403
0.234632
0.0727382
0.376005
0.777545
0.62121
0.151249
0.277182
0.759083
0.0774349
0.25693
0.475673
0.250343
0.185394
0.0912801
0.818764
0.346964
0.781994
0.0176443
0.057573
0.511979
0.0454392
0.10498
0.482971
0.935834
0.868644
0.82342
0.0574606
0.534884
0.856586
0.780728
0.379206
0.000177267
0.966789
0.266205
0.855345
0.980285
0.367965
0.013091
0.902212
0.878233
0.129204
0.729026
0.0793408
0.608177
0.641209
0.829182
0.710295
0.324469
0.971824
0.733939
0.129657
0.6925
0.973312
0.856714
0.31485
0.516145
0.341294
0.468444
0.179692
0.534678
0.403671
0.771561
0.577485
0.408063
0.433406
0.0412729
0.773618
0.236719
0.775851
0.318332
0.0672984
0.668749
0.284656
0.526212
9.69324e-05
0.963486
0.172105
0.0222089
0.404615
0.325966
0.341028
0.60164
0.570798
0.921099
0.511652
0.174585
0.160296
0.637478
0.691403
0.900684
0.694798
0.343016
0.284287
0.845221
0.201542
0.212213
0.377415
0.916891
0.718486
0.626901
0.480105
0.0985653
0.604867
0.360445
0.847967
0.354795
0.861215
0.823928
0.392157
0.946049
0.432194
0.608427
0.0388148
0.951283
0.322649
0.0688161
0.408868
0.876935
0.174398
0.395843
0.313249
0.456846
0.58357
0.910629
0.550575
0.186468
0.586096
0.444784
0.947664
0.457749
0.965802
0.164451
0.165869
0.917817
0.593923
0.364232
0.552851
0.77934
0.108424
0.152685
0.420935
0.214439
0.864156
0.88626
0.64366
0.162462
0.560651
0.134267
0.0473246
0.904389
0.0735161
0.662693
0.252036
0.609154
0.370609
0.00838959
0.567691
0.275741
0.114578
0.142788
0.186844
0.117248
0.214931
0.49587
0.313357
0.480482
0.287597
0.755908
0.443771
0.797425
0.40486
0.964219
0.112671
0.698613
0.559498
0.100396
0.68302
0.259051
0.954411
0.408589
0.716949
0.092912
0.139207
0.0258965
0.619411
0.399444
0.194544
0.172713
0.936008
0.936613
0.799204
0.738058
0.754515
0.871975
0.374521
0.358864
0.517738
0.0277692
0.830677
0.163712
0.50229
0.112418
0.433072
0.339751
0.0233674
0.847395
0.403497
0.0650618
0.93251
0.565109
0.230581
0.429287
0.0294685
0.449533
0.981414
0.400924
0.298675
0.316994
0.945935
0.475675
0.087331
0.276019
0.883566
0.968888
0.764158
0.732395
0.844331
0.190208
0.759014
0.395982
0.258003
0.192193
0.925393
0.018091
0.975235
0.37334
0.324386
0.275593
0.918494
0.118759
0.477479
0.427408
0.516437
0.101902
0.650236
0.36439
0.83757
0.103987
0.250797
0.774599
0.271973
0.00982721
0.846762
0.531334
0.564116
0.488804
0.0827413
0.163151
0.827742
0.710387
0.877916
0.0586287
0.519604
0.155154
0.696524
0.663565
0.746813
0.0831095
0.894018
0.36835
0.413148
0.341909
0.821998
0.759339
0.215483
0.314961
0.0439869
0.241778
0.990162
0.873345
0.206214
0.423194
0.0470072
0.287765
0.578272
0.0647759
0.246785
0.961375
0.977589
0.340471
0.988673
0.584369
0.144994
0.857092
0.276458
0.967415
0.656006
0.940169
0.553699
0.893995
0.053973
0.470566
0.692885
0.055337
0.257617
0.00797108
0.865818
0.858519
0.106323
0.28179
0.883238
0.536011
0.350434
0.590838
0.802427
0.543766
0.826517
0.0308884
0.563516
0.0724156
0.234231
0.732529
0.354137
0.521299
0.758855
0.63789
0.59916
0.343588
0.256837
0.0862302
0.821679
0.914778
0.911832
0.227427
0.992355
0.829724
0.286437
0.64335
0.362836
0.885842
0.023167
0.0283655
0.31301
0.734436
0.0269316
0.624304
0.794224
0.38639
0.700638
0.571189
0.630325
0.71651
0.968169
0.881901
0.668769
0.351904
0.662808
0.190285
0.788687
0.460818
0.784353
0.331489
0.558315
0.239994
0.257664
0.259633
0.404517
0.918503
0.548967
0.179948
0.500059
0.281366
0.166492
0.719162
0.0662042
0.433855
0.659827
0.259855
0.667058
0.180151
0.812677
0.30753
0.660748
0.569784
0.610145
0.313355
0.962384
0.940139
0.825077
0.382895
0.100053
0.41557
0.827091
0.86614
0.0409795
0.674649
0.14283
0.000485492
0.352451
0.00268556
0.679765
0.665176
0.466857
0.408023
0.237193
0.837139
0.28464
0.988747
0.628827
0.970948
0.212771
0.219209
0.211453
0.465041
0.86784
0.761894
0.635238
0.899169
0.647342
0.045946
0.742904
0.21491
0.120171
0.832296
0.867437
0.630764
0.376424
0.0911015
0.632925
0.00268284
0.503178
0.644732
0.807238
0.460406
0.045696
0.565814
0.983062
0.0981531
0.831369
0.122247
0.346691
0.998197
0.11148
0.0164184
0.572663
0.882042
0.991213
0.139053
0.930113
0.371222
0.811988
0.0559808
0.0624871
0.260726
0.0169153
0.0411987
0.764776
0.835098
0.164042
0.912124
0.0254525
0.657116
0.337888
0.130298
0.996684
0.641
0.528333
0.30518
0.125892
0.150747
0.626934
0.804181
0.48576
0.461467
0.82832
0.0770386
0.579515
0.753184
0.200195
0.736485
0.474671
0.614594
0.46205
0.58995
0.255056
0.436075
0.891584
0.204225
0.574656
0.45497
0.442158
0.215117
0.41088
0.445513
0.274396
0.16794
0.187695
0.72032
0.638413
0.486558
0.470015
0.15199
0.463044
0.971324
0.882581
0.424607
0.395786
0.111055
0.960137
0.97709
0.674804
0.901104
0.850999
0.115389
0.457359
0.26642
0.543256
0.960423
0.46088
0.787574
0.754799
0.421905
0.11323
0.113716
0.350535
0.260305
0.399637
0.188185
0.38391
0.148142
0.905112
0.539444
0.954499
0.979911
0.43708
0.615903
0.51285
0.782568
0.70781
0.308002
0.360528
0.156745
0.602739
0.291865
0.992459
0.279477
0.58287
0.318677
0.473295
0.015314
0.299082
0.266292
0.329791
0.551031
0.830473
0.23396
0.868084
0.278714
0.501088
0.970027
0.774527
0.957721
0.978792
0.141866
0.656313
0.836664
0.0114267
0.171994
0.556359
0.50415
0.518574
0.628214
0.117798
0.66694
0.793986
0.659151
0.479118
0.117634
0.306201
0.44104
0.228861
0.287123
0.819531
0.689903
0.844602
0.663315
0.112669
0.698
0.590677
0.365677
0.624732
0.818158
0.60835
0.92285
0.517994
0.312316
0.272612
0.771617
0.223732
0.295252
0.99375
0.928124
0.687741
0.957906
0.173869
0.779217
0.848453
0.645085
0.566449
0.76931
0.590297
0.690329
0.343342
0.0664895
0.295313
0.54867
0.43486
0.251595
0.505164
0.807197
0.296827
0.065491
0.140848
0.284831
0.74125
0.966052
0.231913
0.817924
0.650439
0.510325
0.491504
0.86471
0.236607
0.221878
0.905022
0.316098
0.629243
0.820567
0.763482
0.715515
0.98301
0.358408
0.782956
0.252061
0.415824
0.51086
0.190084
0.353364
0.373726
0.734662
0.522866
0.724684
0.784596
0.194987
0.449576
0.753261
0.123675
0.722273
0.627212
0.984229
0.90989
0.0135298
0.928511
0.247794
0.59151
0.904786
0.423759
0.469344
0.302759
0.401768
0.182467
0.223347
0.379188
0.575309
0.0512328
0.943417
0.795272
0.409419
0.48543
0.452952
0.846246
0.334917
0.271927
0.582784
0.338269
0.851389
0.330221
0.56072
0.0339296
0.149481
0.271586
0.0373014
0.324621
0.517478
0.580273
0.938527
0.783588
0.559895
0.984564
0.761099
0.921115
0.0677836
0.518745
0.507905
0.238069
0.914637
0.0322908
0.712246
0.856402
0.761127
0.0784176
0.297196
0.390515
0.0465102
0.815016
0.821459
0.536943
0.310363
0.55402
0.14586
0.0545561
0.389745
0.750798
0.648642
0.389889
0.0101339
0.631854
0.51893
0.942844
0.827998
0.877318
0.968942
0.630666
0.536756
0.605296
0.350528
0.668456
0.516234
0.269123
0.655819
0.251855
0.0703355
0.624315
0.665171
0.839265
0.122443
0.729514
0.90809
0.990373
0.978447
0.17941
0.823059
0.0380475
0.631018
0.61373
0.762429
0.358768
0.196533
0.861657
0.886115
0.687599
0.364239
0.851879
0.181521
0.607079
0.101895
0.419312
0.365586
0.595419
0.357095
0.817836
0.543182
0.231913
0.580946
0.568972
0.235601
0.133448
0.285817
0.847601
0.832416
0.528335
0.533259
0.413526
0.686394
0.258561
0.261447
0.0764124
0.628348
0.608588
0.978224
0.219014
0.961125
0.385804
0.321536
0.935146
0.174095
0.157293
0.266426
0.166951
0.373614
0.00144308
0.51612
0.827051
0.219813
0.629694
0.66171
0.318732
0.717637
0.490689
0.779085
0.78971
0.241857
0.125673
0.167819
0.74644
0.294888
0.0219881
0.0904425
0.113233
0.308037
0.324174
0.859846
0.704983
0.165477
0.757774
0.310359
0.993327
0.697189
0.00871257
0.623212
0.667364
0.422866
0.205615
0.297332
0.0768087
0.778576
0.361862
0.432228
0.944667
0.99389
0.69674
0.581865
0.882407
0.162037
0.609822
0.589503
0.435095
0.00292592
0.023538
0.615339
0.260501
0.016012
0.350837
0.742352
0.880173
0.650756
0.513742
0.319122
0.110753
0.916561
0.517187
0.829688
0.789886
0.826603
0.42336
0.817165
0.846983
0.902347
0.496132
0.496399
0.582619
0.959903
0.524928
0.0757169
0.0188082
0.405727
0.696807
0.750332
0.967814
0.350752
0.588029
0.663385
0.81246
0.323894
0.559531
0.921828
0.991116
0.453635
0.898386
0.177017
0.599719
0.659899
0.774748
0.0693471
0.0555158
0.220736
0.504549
0.780642
0.0677462
0.274658
0.330947
0.977469
0.230649
0.948307
0.207782
0.11442
0.519097
0.1578
0.823528
0.498194
0.753864
0.314981
0.0847593
0.622715
0.507735
0.598698
0.191383
0.227251
0.634491
0.231907
0.469066
0.424435
0.12649
0.823957
0.868144
0.314376
0.232927
0.764933
0.00458463
0.161351
0.545117
0.307138
0.848044
0.892819
0.154842
0.188234
0.41124
0.866597
0.112353
0.221568
0.205134
0.0396347
0.640349
0.95181
0.164318
0.673304
0.861662
0.337473
0.95495
0.422949
0.662432
0.951113
0.845026
0.926454
0.0924769
0.654537
0.763895
0.13686
0.412729
0.0255263
0.851972
0.622558
0.571492
0.835984
0.100889
0.394252
0.520249
0.374118
0.542074
0.520442
0.919918
0.338627
0.453773
0.953435
0.235321
0.093741
0.608818
0.384663
0.938728
0.398401
0.753044
0.313211
0.187076
0.296545
0.595005
0.297855
0.508256
0.177772
0.344232
0.998017
0.60038
0.614902
0.975847
0.24384
0.942146
0.655892
0.356438
0.470214
0.1959
0.378804
0.737239
0.274026
0.552745
0.911822
0.0261865
0.828593
0.00725231
0.901342
0.371542
0.434212
0.475375
0.598046
0.892297
0.140624
0.762531
0.951278
0.596748
0.293949
0.0626008
0.192135
0.0259529
0.311973
0.614316
0.949727
0.535686
0.264265
0.996215
0.467653
0.0198596
0.976416
0.160413
0.529383
0.342049
0.244155
0.510575
0.570154
0.00451411
0.86196
0.605921
0.196551
0.759864
0.558267
0.0712597
0.370858
0.126535
0.82287
0.844717
0.75617
0.0675536
0.100297
0.435742
0.304366
0.288381
0.579461
0.436751
0.542537
0.228884
0.313624
0.511716
0.200441
0.486259
0.189916
0.947253
0.0796546
0.795351
0.782236
0.50904
0.70931
0.807759
0.123286
0.970638
0.870086
0.804445
0.188498
0.607886
0.886897